Time_seq	Hour	Pond	Treatment	Chlorophyll_RFU	Cond_uScm	BGAPC_RFU	ODO_mgL	pH	fDOM_RFU	SpCond_uScm	Temp_C
0	20	B1P1	S	0.03	39.71	-1.47	10.44	7.18	3.2	50.3	14
0	21	B1P1	S	0.02	39.7	-1.48	10.45	7.18	3.2	50.3	14.05
0	22	B1P1	S	0.1	39.7	-1.46	10.43	7.17	3.22	50.3	14
0	23	B1P1	S	0.24	39.7	-1.44	10.44	7.16	3.23	50.3	14.01
0	0	B1P1	S	0.23	39.7	-1.45	10.49	7.19	3.27	50.3	14
0	1	B1P1	S	0.26	39.71	-1.44	10.39	7.14	3.22	50.3	14.07
0	2	B1P1	S	0.16	39.74	-1.46	10.4	7.13	3.25	50.3	14.03
0	3	B1P1	S	0.2	39.8	-1.44	10.43	7.14	3.29	50.3	14.02
0	4	B1P1	S	0.16	39.8	-1.46	10.38	7.12	3.27	50.3	14.06
0	5	B1P1	S	0.05	39.8	-1.47	10.35	7.1	3.25	50.3	14.07
0	6	B1P1	S	0.17	39.82	-1.46	10.3	7.08	3.26	50.3	14.07
0	7	B1P1	S	0.21	39.88	-1.43	10.2	7.06	3.22	50.39	14.09
0	8	B1P1	S	0.14	39.92	-1.46	10.17	7.06	3.2	50.45	14.07
0	9	B1P1	S	0.17	40.02	-1.43	10.23	7.09	3.18	50.57	14.08
0	10	B1P1	S	0.08	40.08	-1.47	10.28	7.11	3.12	50.56	14.15
0	11	B1P1	S	0.09	40.1	-1.45	10.28	7.12	3.05	50.4	14.28
0	12	B1P1	S	0.14	40.1	-1.45	10.31	7.15	3.03	50.4	14.32
0	13	B1P1	S	0.13	40.16	-1.47	10.34	7.17	2.99	50.38	14.41
0	14	B1P1	S	0.23	40.24	-1.44	10.38	7.2	2.96	50.34	14.47
0	15	B1P1	S	0.07	40.29	-1.47	10.41	7.21	2.98	50.37	14.51
0	16	B1P1	S	0.1	40.3	-1.47	10.46	7.26	2.93	50.37	14.58
0	17	B1P1	S	0.19	40.32	-1.45	10.47	7.28	2.91	50.39	14.58
0	18	B1P1	S	0.16	40.28	-1.46	10.48	7.3	2.92	50.38	14.5
0	19	B1P1	S	0.21	40.18	-1.46	10.49	7.3	2.98	50.37	14.42
1	20	B1P1	S	0.21	40.32	-1.42	10.49	7.3	2.99	50.58	14.37
1	21	B1P1	S	0.24	40.12	-1.43	10.48	7.28	3.05	50.46	14.27
1	22	B1P1	S	0.37	40.1	-1.44	10.45	7.25	3.06	50.53	14.2
1	23	B1P1	S	0.33	39.95	-1.44	10.46	7.23	3.15	50.46	14.09
1	0	B1P1	S	0.27	39.83	-1.42	10.39	7.2	3.14	50.41	14.01
1	1	B1P1	S	0.29	39.72	-1.46	10.33	7.16	3.13	50.4	13.93
1	2	B1P1	S	0.21	39.7	-1.43	10.3	7.14	3.17	50.4	13.85
1	3	B1P1	S	0.23	39.64	-1.45	10.28	7.12	3.19	50.4	13.8
1	4	B1P1	S	0.16	39.6	-1.45	10.25	7.1	3.22	50.4	13.75
1	5	B1P1	S	0.13	39.59	-1.42	10.24	7.09	3.23	50.4	13.72
1	6	B1P1	S	0.26	39.5	-1.41	10.21	7.07	3.26	50.4	13.68
1	7	B1P1	S	0.28	39.5	-1.45	10.26	7.11	3.22	50.4	13.69
1	8	B1P1	S	0.16	39.57	-1.43	10.29	7.13	3.18	50.4	13.72
1	9	B1P1	S	0.14	39.67	-1.46	10.33	7.16	3.12	50.44	13.81
1	10	B1P1	S	0.28	39.7	-1.41	10.36	7.18	3.05	50.31	13.91
1	11	B1P1	S	0.32	39.71	-1.43	10.4	7.21	3.04	50.3	13.96
1	12	B1P1	S	0.34	39.8	-1.42	10.44	7.24	2.99	50.3	14.06
1	13	B1P1	S	0.31	39.88	-1.42	10.49	7.28	2.95	50.3	14.16
1	14	B1P1	S	0.34	39.9	-1.43	10.51	7.3	2.92	50.26	14.22
1	15	B1P1	S	0.31	39.82	-1.42	10.51	7.3	2.98	50.2	14.13
1	16	B1P1	S	0.3	39.63	-1.41	10.48	7.26	3.03	50.2	13.99
1	17	B1P1	S	0.31	39.51	-1.42	10.45	7.24	3.1	50.2	13.86
1	18	B1P1	S	0.31	39.35	-1.41	10.42	7.2	3.14	50.11	13.73
1	19	B1P1	S	0.27	39.21	-1.41	10.39	7.17	3.17	50.1	13.61
2	20	B1P1	S	0.33	39.09	-1.4	10.37	7.16	3.19	50.1	13.49
2	21	B1P1	S	0.32	38.91	-1.38	10.34	7.13	3.22	50.02	13.36
2	22	B1P1	S	0.31	38.71	-1.38	10.29	7.09	3.25	49.99	13.21
2	23	B1P1	S	0.32	38.55	-1.38	10.24	7.05	3.3	49.9	13.05
2	0	B1P1	S	0.33	38.39	-1.37	10.19	7.02	3.33	49.9	12.91
2	1	B1P1	S	0.31	38.25	-1.38	10.15	6.99	3.36	49.88	12.79
2	2	B1P1	S	0.29	38.06	-1.38	10.12	6.94	3.39	49.8	12.64
2	3	B1P1	S	0.33	37.93	-1.37	10.09	6.92	3.42	49.8	12.52
2	4	B1P1	S	0.31	37.8	-1.37	10.07	6.9	3.44	49.8	12.41
2	5	B1P1	S	0.28	37.71	-1.38	10.05	6.89	3.45	49.73	12.33
2	6	B1P1	S	0.29	37.61	-1.39	10.05	6.88	3.46	49.7	12.25
2	7	B1P1	S	0.31	37.54	-1.37	10.06	6.88	3.47	49.7	12.18
2	8	B1P1	S	0.31	37.5	-1.38	10.07	6.88	3.47	49.7	12.13
2	9	B1P1	S	0.33	37.5	-1.37	10.1	6.89	3.47	49.7	12.11
2	10	B1P1	S	0.36	37.5	-1.37	10.15	6.92	3.44	49.7	12.11
2	11	B1P1	S	0.46	37.5	-1.36	10.18	6.93	3.43	49.69	12.11
2	12	B1P1	S	0.45	37.5	-1.36	10.24	6.96	3.39	49.6	12.16
2	13	B1P1	S	0.42	37.5	-1.36	10.3	6.98	3.37	49.6	12.19
2	14	B1P1	S	0.44	37.5	-1.36	10.4	7.02	3.32	49.6	12.26
2	15	B1P1	S	0.49	37.59	-1.35	10.45	7.04	3.29	49.6	12.29
2	16	B1P1	S	0.44	37.6	-1.36	10.5	7.07	3.27	49.6	12.3
2	17	B1P1	S	0.43	37.6	-1.37	10.53	7.09	3.27	49.6	12.3
2	18	B1P1	S	0.43	37.6	-1.36	10.56	7.11	3.26	49.6	12.3
2	19	B1P1	S	0.42	37.6	-1.36	10.59	7.13	3.25	49.61	12.28
3	20	B1P1	S	0.44	37.6	-1.36	10.6	7.14	3.24	49.69	12.26
3	21	B1P1	S	0.52	37.52	-1.34	10.61	7.14	3.25	49.7	12.22
3	22	B1P1	S	0.53	37.5	-1.34	10.6	7.14	3.27	49.7	12.18
3	23	B1P1	S	0.56	37.5	-1.32	10.58	7.11	3.29	49.7	12.12
3	0	B1P1	S	0.55	37.43	-1.32	10.56	7.1	3.31	49.7	12.08
3	1	B1P1	S	0.51	37.4	-1.33	10.52	7.08	3.33	49.7	12.03
3	2	B1P1	S	0.54	37.39	-1.32	10.48	7.06	3.36	49.75	11.96
3	3	B1P1	S	0.49	37.3	-1.33	10.44	7.04	3.38	49.8	11.9
3	4	B1P1	S	0.52	37.3	-1.32	10.42	7.02	3.39	49.79	11.87
3	5	B1P1	S	0.46	37.2	-1.35	10.36	6.99	3.42	49.73	11.83
3	6	B1P1	S	0.39	37.2	-1.35	10.38	7	3.41	49.7	11.82
3	7	B1P1	S	0.41	37.2	-1.35	10.41	7.02	3.39	49.7	11.82
3	8	B1P1	S	0.35	37.2	-1.36	10.45	7.04	3.35	49.7	11.83
3	9	B1P1	S	0.31	37.26	-1.38	10.49	7.07	3.31	49.7	11.91
3	10	B1P1	S	0.42	37.35	-1.34	10.53	7.1	3.29	49.7	11.98
3	11	B1P1	S	0.44	37.42	-1.35	10.58	7.11	3.25	49.7	12.08
3	12	B1P1	S	0.09	37.59	-1.4	10.65	7.15	3.17	49.7	12.24
3	13	B1P1	S	0.1	37.83	-1.41	10.68	7.16	3.12	49.72	12.48
3	14	B1P1	S	0.23	38.1	-1.39	10.74	7.21	3.04	49.72	12.74
3	15	B1P1	S	0.04	38.07	-1.41	10.78	7.25	3.06	49.7	12.69
3	16	B1P1	S	0.16	38.18	-1.4	10.82	7.3	3	49.7	12.83
3	17	B1P1	S	0.23	38.22	-1.39	10.84	7.32	3.02	49.7	12.84
3	18	B1P1	S	0.38	38.29	-1.37	10.87	7.37	2.98	49.7	12.96
3	19	B1P1	S	0.42	38.39	-1.37	10.9	7.4	2.98	49.7	12.97
4	20	B1P1	S	0.35	38.3	-1.37	10.91	7.42	3	49.72	12.91
4	21	B1P1	S	0.56	38.3	-1.34	10.9	7.4	3.02	49.79	12.91
4	22	B1P1	S	0.55	38.3	-1.35	10.88	7.37	3.01	49.8	12.96
4	23	B1P1	S	0.54	38.23	-1.34	10.88	7.38	3.04	49.74	12.87
4	0	B1P1	S	0.64	38.24	-1.32	10.85	7.34	3.05	49.7	12.9
4	1	B1P1	S	0.57	38.27	-1.34	10.87	7.34	3.05	49.71	12.92
4	2	B1P1	S	0.71	38.3	-1.32	10.83	7.3	3.08	49.8	12.89
4	3	B1P1	S	0.53	38.3	-1.34	10.83	7.29	3.08	49.8	12.91
4	4	B1P1	S	0.51	38.31	-1.36	10.82	7.28	3.09	49.79	12.93
4	5	B1P1	S	0.77	38.35	-1.32	10.76	7.25	3.09	49.81	12.93
4	6	B1P1	S	0.73	38.35	-1.33	10.74	7.24	3.11	49.82	12.92
4	7	B1P1	S	0.86	38.31	-1.31	10.73	7.22	3.09	49.8	12.93
4	8	B1P1	S	0.78	38.31	-1.32	10.62	7.17	3.09	49.84	12.94
4	9	B1P1	S	0.62	38.31	-1.35	10.57	7.16	3.01	49.75	12.95
4	10	B1P1	S	0.74	38.17	-1.33	10.62	7.18	3.02	49.7	12.88
4	11	B1P1	S	0.71	38.09	-1.33	10.63	7.18	3.04	49.7	12.79
4	12	B1P1	S	0.69	38	-1.34	10.64	7.19	3.04	49.61	12.73
4	13	B1P1	S	0.74	37.9	-1.33	10.66	7.2	3.04	49.6	12.68
4	14	B1P1	S	0.73	37.9	-1.32	10.68	7.21	3.04	49.6	12.66
4	15	B1P1	S	0.74	37.9	-1.32	10.7	7.23	3.04	49.6	12.63
4	16	B1P1	S	0.75	37.9	-1.33	10.72	7.24	3.05	49.6	12.61
4	17	B1P1	S	0.8	37.81	-1.33	10.74	7.25	3.06	49.6	12.6
4	18	B1P1	S	0.8	37.8	-1.32	10.74	7.25	3.06	49.6	12.58
4	19	B1P1	S	0.75	37.8	-1.31	10.72	7.24	3.08	49.6	12.54
5	20	B1P1	S	0.82	37.78	-1.31	10.71	7.23	3.11	49.6	12.52
5	21	B1P1	S	0.91	37.7	-1.28	10.68	7.2	3.14	49.6	12.48
5	22	B1P1	S	0.94	37.69	-1.27	10.65	7.17	3.15	49.6	12.44
5	23	B1P1	S	0.91	37.63	-1.28	10.62	7.14	3.18	49.54	12.4
5	0	B1P1	S	0.92	37.56	-1.28	10.57	7.1	3.2	49.5	12.36
5	1	B1P1	S	0.83	37.5	-1.28	10.54	7.08	3.23	49.49	12.31
5	2	B1P1	S	0.96	37.42	-1.26	10.51	7.06	3.24	49.46	12.29
0	20	B2P2	S	0.69	45.82	-0.26	11.15	7.62	0.73	57.4	14.43
0	21	B2P2	S	0.82	45.59	-0.23	11.2	7.69	0.76	57.4	14.27
0	22	B2P2	S	0.86	45.72	-0.23	11.19	7.69	0.75	57.4	14.37
0	23	B2P2	S	1.01	45.79	-0.21	11.22	7.71	0.76	57.4	14.43
0		B2P2	S	0.77	45.7	-0.19	11.32	7.8	0.82		14.38
0	0	B2P2	S	1.06	45.73	-0.22	11.13	7.64	0.77	57.4	14.36
0	1	B2P2	S	1.11	45.71	-0.19	11.05	7.54	0.76	57.4	14.33
0	2	B2P2	S	1.1	45.61	-0.2	11.03	7.52	0.78	57.4	14.24
0	3	B2P2	S	1.16	45.53	-0.19	10.99	7.48	0.78	57.4	14.16
0	4	B2P2	S	1.15	45.46	-0.22	10.95	7.45	0.79	57.4	14.07
0	5	B2P2	S	1.01	45.33	-0.23	10.95	7.45	0.8	57.47	13.97
0	6	B2P2	S	1.1	45.3	-0.2	10.94	7.45	0.8	57.5	13.91
0	7	B2P2	S	0.93	45.26	-0.23	10.95	7.46	0.81	57.5	13.86
0	8	B2P2	S	0.86	45.2	-0.22	10.95	7.47	0.81	57.5	13.82
0	9	B2P2	S	0.74	45.2	-0.23	10.96	7.48	0.8	57.5	13.83
0	10	B2P2	S	0.39	45.27	-0.25	10.97	7.49	0.78	57.5	13.89
0	11	B2P2	S	0.34	45.35	-0.25	10.99	7.52	0.77	57.5	13.95
0	12	B2P2	S	0.43	45.4	-0.25	11	7.52	0.75	57.5	13.98
0	13	B2P2	S	0.54	45.53	-0.27	11.03	7.56	0.74	57.5	14.12
0	14	B2P2	S	0.53	45.7	-0.25	11.05	7.57	0.73	57.48	14.27
0	15	B2P2	S	0.57	45.7	-0.27	11.06	7.59	0.72	57.4	14.29
0	16	B2P2	S	0.64	45.7	-0.24	11.1	7.63	0.73	57.4	14.34
0	17	B2P2	S	0.72	45.7	-0.23	11.12	7.66	0.74	57.4	14.3
0	18	B2P2	S	0.82	45.7	-0.25	11.15	7.71	0.76	57.4	14.28
0	19	B2P2	S	0.92	45.63	-0.24	11.17	7.75	0.77	57.4	14.23
1	20	B2P2	S	1.05	45.53	-0.22	11.16	7.74	0.79	57.4	14.13
1	21	B2P2	S	1.09	45.48	-0.22	11.16	7.74	0.8	57.47	14.09
1	22	B2P2	S	1.19	45.38	-0.21	11.15	7.71	0.81	57.5	14
1	23	B2P2	S	1.19	45.27	-0.21	11.12	7.67	0.83	57.5	13.9
1		B2P2	S	1.28	45.2	-0.15	11.12	7.67	0.82	57.5	13.87
1	0	B2P2	S	1.19	45.2	-0.2	11.09	7.64	0.83	57.5	13.83
1	1	B2P2	S	1.15	45.17	-0.2	11.06	7.6	0.85	57.5	13.76
1	2	B2P2	S	1.11	45.1	-0.21	11.03	7.54	0.88	57.5	13.7
1	3	B2P2	S	1.01	45.06	-0.22	11.01	7.51	0.91	57.5	13.65
1	4	B2P2	S	1	45	-0.23	10.98	7.49	0.91	57.52	13.61
1	5	B2P2	S	0.86	45	-0.24	10.95	7.46	0.91	57.6	13.58
1	6	B2P2	S	0.71	45	-0.25	10.93	7.46	0.9	57.6	13.55
1	7	B2P2	S	0.61	45	-0.23	10.94	7.47	0.88	57.6	13.55
1	8	B2P2	S	0.56	45	-0.24	10.96	7.49	0.86	57.6	13.58
1	9	B2P2	S	0.42	45.09	-0.24	10.97	7.5	0.85	57.6	13.63
1	10	B2P2	S	0.38	45.04	-0.26	11.11	7.63	0.85	57.45	13.68
1	11	B2P2	S	0.43	45.21	-0.26	11.05	7.56	0.81	57.5	13.79
1	12	B2P2	S	0.46	45.37	-0.25	11.08	7.58	0.78	57.5	13.95
1	13	B2P2	S	0.52	45.4	-0.24	11.1	7.6	0.78	57.5	14.01
1	14	B2P2	S	0.64	45.44	-0.24	11.12	7.62	0.77	57.5	14.03
1	15	B2P2	S	0.79	45.37	-0.22	11.14	7.66	0.81	57.5	13.97
1	16	B2P2	S	0.78	45.16	-0.24	11.12	7.62	0.84	57.42	13.8
1	17	B2P2	S	0.77	45.01	-0.22	11.08	7.57	0.85	57.4	13.67
1	18	B2P2	S	0.85	44.85	-0.24	11.03	7.51	0.87	57.4	13.54
1	19	B2P2	S	0.86	44.73	-0.22	11	7.48	0.88	57.4	13.42
2	20	B2P2	S	0.94	44.48	-0.22	10.97	7.43	0.89	57.39	13.21
2	21	B2P2	S	1.01	44.34	-0.19	10.92	7.39	0.9	57.4	13.1
2	22	B2P2	S	1.06	44.2	-0.21	10.87	7.34	0.91	57.4	12.96
2	23	B2P2	S	1.07	44.03	-0.2	10.82	7.3	0.92	57.4	12.79
2		B2P2	S	1.15	43.9	-0.15	10.8	7.27	0.93	57.4	12.71
2	0	B2P2	S	1.07	43.79	-0.22	10.78	7.25	0.93	57.4	12.59
2	1	B2P2	S	1.08	43.57	-0.2	10.74	7.2	0.95	57.4	12.4
2	2	B2P2	S	1.07	43.39	-0.2	10.72	7.17	0.96	57.4	12.24
2	3	B2P2	S	1.06	43.23	-0.2	10.7	7.15	0.97	57.4	12.1
2	4	B2P2	S	1.07	43.02	-0.21	10.7	7.14	0.99	57.3	11.93
2	5	B2P2	S	0.99	42.83	-0.2	10.7	7.13	1	57.3	11.79
2	6	B2P2	S	0.98	42.7	-0.2	10.71	7.12	1.01	57.3	11.67
2	7	B2P2	S	0.98	42.59	-0.21	10.73	7.12	1.01	57.3	11.58
2	8	B2P2	S	0.92	42.46	-0.2	10.76	7.13	1.02	57.23	11.48
2	9	B2P2	S	0.79	42.4	-0.18	10.8	7.14	1.02	57.2	11.45
2	10	B2P2	S	0.71	42.4	-0.21	10.84	7.15	1.01	57.2	11.45
2	11	B2P2	S	0.64	42.45	-0.23	10.86	7.17	1	57.2	11.48
2	12	B2P2	S	0.57	42.5	-0.21	10.91	7.18	1	57.2	11.51
2	13	B2P2	S	0.5	42.5	-0.22	10.95	7.2	0.98	57.2	11.55
2	14	B2P2	S	0.52	42.5	-0.23	11.01	7.22	0.98	57.11	11.59
2	15	B2P2	S	0.62	42.5	-0.22	11.06	7.24	0.98	57.1	11.61
2	16	B2P2	S	0.64	42.5	-0.2	11.1	7.26	0.98	57.1	11.63
2	17	B2P2	S	0.75	42.5	-0.22	11.13	7.28	0.98	57.1	11.62
2	18	B2P2	S	0.77	42.5	-0.2	11.18	7.3	0.98	57.1	11.63
2	19	B2P2	S	0.8	42.5	-0.2	11.21	7.32	0.98	57.1	11.62
3	20	B2P2	S	0.9	42.53	-0.22	11.26	7.35	0.98	57.1	11.62
3	21	B2P2	S	1.03	42.42	-0.19	11.27	7.36	1	57.1	11.55
3	22	B2P2	S	1.21	42.4	-0.17	11.27	7.36	1.01	57.1	11.49
3	23	B2P2	S	1.25	42.34	-0.15	11.27	7.36	1.01	57.1	11.46
3		B2P2	S	1.25	42.3	-0.13	11.26	7.36	1.01	57.1	11.45
3	0	B2P2	S	1.26	42.3	-0.14	11.26	7.35	1.01	57.1	11.43
3	1	B2P2	S	1.27	42.3	-0.16	11.23	7.34	1.02	57.2	11.38
3	2	B2P2	S	1.21	42.3	-0.17	11.21	7.32	1.03	57.2	11.34
3	3	B2P2	S	1.21	42.2	-0.15	11.2	7.31	1.04	57.2	11.3
3	4	B2P2	S	1.13	42.2	-0.18	11.17	7.3	1.04	57.2	11.26
3	5	B2P2	S	1.04	42.2	-0.2	11.15	7.29	1.04	57.25	11.23
3	6	B2P2	S	0.94	42.2	-0.19	11.14	7.28	1.04	57.3	11.21
3	7	B2P2	S	0.8	42.2	-0.21	11.15	7.29	1.03	57.3	11.21
3	8	B2P2	S	0.6	42.2	-0.2	11.16	7.29	1.02	57.3	11.22
3	9	B2P2	S	0.44	42.22	-0.22	11.18	7.3	1.02	57.3	11.24
3	10	B2P2	S	0.33	42.3	-0.24	11.2	7.31	1	57.28	11.31
3	11	B2P2	S	0.51	42.38	-0.22	11.26	7.33	0.97	57.2	11.42
3	12	B2P2	S	0.21	42.48	-0.23	11.28	7.34	0.95	57.2	11.52
3	13	B2P2	S	0.2	42.75	-0.25	11.31	7.35	0.91	57.2	11.77
3	14	B2P2	S	0.3	42.91	-0.24	11.32	7.36	0.88	57.2	11.89
3	15	B2P2	S	0.31	43.13	-0.24	11.35	7.39	0.86	57.2	12.12
3	16	B2P2	S	0.36	43.25	-0.24	11.38	7.41	0.84	57.2	12.23
3	17	B2P2	S	0.45	43.31	-0.23	11.41	7.43	0.83	57.2	12.29
3	18	B2P2	S	0.39	43.48	-0.24	11.48	7.49	0.82	57.1	12.48
3	19	B2P2	S	0.52	43.44	-0.24	11.51	7.52	0.83	57.1	12.46
4	20	B2P2	S	0.68	43.46	-0.22	11.48	7.5	0.83	57.1	12.47
4	21	B2P2	S	0.72	43.51	-0.23	11.51	7.52	0.81	57.11	12.56
4	22	B2P2	S	0.79	43.53	-0.21	11.53	7.56	0.83	57.12	12.55
4	23	B2P2	S	0.93	43.53	-0.19	11.57	7.63	0.84	57.2	12.59
4		B2P2	S	0.79	43.5	-0.31	11.49	7.52	0.83	57.2	12.46
4	0	B2P2	S	0.93	43.5	-0.21	11.48	7.5	0.83	57.2	12.49
4	1	B2P2	S	0.98	43.53	-0.21	11.49	7.5	0.83	57.2	12.55
4	2	B2P2	S	0.95	43.6	-0.2	11.48	7.49	0.83	57.2	12.55
4	3	B2P2	S	1.01	43.6	-0.21	11.43	7.45	0.83	57.2	12.54
4	4	B2P2	S	0.95	43.6	-0.23	11.44	7.46	0.84	57.2	12.52
4	5	B2P2	S	0.98	43.63	-0.21	11.41	7.43	0.84	57.2	12.59
4	6	B2P2	S	0.92	43.62	-0.23	11.41	7.44	0.85	57.2	12.58
4	7	B2P2	S	1.03	43.63	-0.22	11.35	7.43	0.84	57.2	12.55
4	8	B2P2	S	1.06	43.48	-0.18	11.35	7.45	0.84	57.19	12.46
4	9	B2P2	S	0.99	43.4	-0.22	11.35	7.44	0.84	57.1	12.43
4	10	B2P2	S	0.96	43.27	-0.24	11.35	7.44	0.86	57.1	12.34
4	11	B2P2	S	0.89	43.13	-0.22	11.34	7.43	0.9	57.1	12.2
4	12	B2P2	S	0.86	43.01	-0.24	11.33	7.41	0.92	57.1	12.09
4	13	B2P2	S	0.76	42.91	-0.21	11.34	7.41	0.93	57.1	12.03
4	14	B2P2	S	0.91	42.86	-0.21	11.34	7.41	0.94	57.1	11.97
4	15	B2P2	S	0.95	42.8	-0.21	11.34	7.41	0.95	57.1	11.92
4	16	B2P2	S	0.94	42.8	-0.21	11.34	7.41	0.96	57.1	11.9
4	17	B2P2	S	0.91	42.78	-0.21	11.35	7.42	0.96	57.1	11.88
4	18	B2P2	S	0.98	42.7	-0.2	11.35	7.41	0.97	57.1	11.82
4	19	B2P2	S	1.03	42.69	-0.21	11.35	7.41	0.98	57.1	11.79
5	20	B2P2	S	1.23	42.6	-0.18	11.34	7.4	0.99	57.1	11.75
5	21	B2P2	S	1.27	42.6	-0.18	11.33	7.39	0.99	57.1	11.75
5	22	B2P2	S	1.28	42.6	-0.16	11.32	7.38	0.98	57.01	11.73
5	23	B2P2	S	1.3	42.53	-0.16	11.3	7.37	0.99	57	11.72
5		B2P2	S	1.17	42.5	-0.31	11.29	7.36	0.99	57	11.71
5	0	B2P2	S	1.31	42.5	-0.16	11.28	7.35	1	57	11.7
5	1	B2P2	S	1.3	42.5	-0.15	11.24	7.33	1	57	11.68
5	2	B2P2	S	1.35	42.4	-0.16	11.22	7.3	1.03	57	11.66
0	20	B2P3	D	0.28	40.16	-1.39	10.29	7.27	-0.25	50.3	14.5
0	21	B2P3	D	0.32	40.32	-1.38	10.25	7.27	-0.25	50.3	14.65
0	22	B2P3	D	0.41	40.34	-1.37	10.18	7.26	-0.25	50.34	14.59
0	23	B2P3	D	0.35	40.2	-1.38	10.13	7.25	-0.24	50.4	14.4
0		B2P3	D	0.27	40.2	-1.36	10.1	7.23	-0.24	50.4	14.41
0	0	B2P3	D	0.36	40.16	-1.37	10.1	7.23	-0.24	50.4	14.35
0	1	B2P3	D	0.53	40.06	-1.36	10.11	7.23	-0.23	50.4	14.28
0	2	B2P3	D	0.51	39.98	-1.36	10.09	7.22	-0.23	50.4	14.18
0	3	B2P3	D	0.55	39.86	-1.35	10.09	7.2	-0.22	50.4	14.09
0	4	B2P3	D	0.55	39.8	-1.35	10.07	7.19	-0.22	50.4	14.01
0	5	B2P3	D	0.48	39.7	-1.36	10.07	7.18	-0.22	50.4	13.92
0	6	B2P3	D	0.52	39.66	-1.36	10.07	7.18	-0.21	50.4	13.87
0	7	B2P3	D	0.41	39.6	-1.35	10.08	7.19	-0.21	50.4	13.8
0	8	B2P3	D	0.37	39.6	-1.34	10.1	7.2	-0.21	50.4	13.78
0	9	B2P3	D	0.25	39.6	-1.37	10.11	7.21	-0.22	50.31	13.79
0	10	B2P3	D	0.04	39.6	-1.38	10.13	7.21	-0.22	50.3	13.85
0	11	B2P3	D	-0.03	39.67	-1.38	10.16	7.22	-0.23	50.3	13.95
0	12	B2P3	D	-0.01	39.83	-1.39	10.17	7.22	-0.23	50.3	14.12
0	13	B2P3	D	0.03	39.9	-1.39	10.18	7.23	-0.24	50.3	14.17
0	14	B2P3	D	0.08	40	-1.4	10.2	7.24	-0.24	50.3	14.29
0	15	B2P3	D	0.09	40	-1.39	10.2	7.25	-0.24	50.3	14.27
0	16	B2P3	D	0.14	40	-1.37	10.22	7.26	-0.24	50.3	14.28
0	17	B2P3	D	0.2	39.93	-1.38	10.22	7.26	-0.24	50.3	14.21
0	18	B2P3	D	0.26	39.9	-1.37	10.23	7.27	-0.23	50.3	14.17
0	19	B2P3	D	0.35	39.83	-1.36	10.24	7.28	-0.23	50.3	14.11
1	20	B2P3	D	0.38	39.78	-1.38	10.24	7.28	-0.23	50.3	14.04
1	21	B2P3	D	0.36	39.75	-1.36	10.24	7.28	-0.23	50.3	14.01
1	22	B2P3	D	0.44	39.67	-1.35	10.23	7.28	-0.22	50.3	13.92
1	23	B2P3	D	0.52	39.6	-1.33	10.22	7.27	-0.22	50.3	13.85
1		B2P3	D	0.55	39.6	-1.35	10.22	7.26	-0.2	50.3	13.82
1	0	B2P3	D	0.57	39.6	-1.33	10.21	7.26	-0.22	50.39	13.8
1	1	B2P3	D	0.63	39.56	-1.33	10.18	7.25	-0.21	50.4	13.76
1	2	B2P3	D	0.69	39.5	-1.33	10.16	7.24	-0.21	50.4	13.7
1	3	B2P3	D	0.55	39.46	-1.33	10.14	7.23	-0.2	50.4	13.66
1	4	B2P3	D	0.55	39.4	-1.33	10.12	7.22	-0.2	50.4	13.61
1	5	B2P3	D	0.44	39.4	-1.34	10.11	7.21	-0.2	50.4	13.58
1	6	B2P3	D	0.27	39.4	-1.35	10.11	7.21	-0.2	50.4	13.56
1	7	B2P3	D	0.15	39.4	-1.36	10.12	7.22	-0.2	50.4	13.56
1	8	B2P3	D	0.15	39.4	-1.36	10.13	7.22	-0.21	50.4	13.59
1	9	B2P3	D	0.03	39.45	-1.36	10.15	7.23	-0.21	50.4	13.65
1	10	B2P3	D	0	39.58	-1.39	10.18	7.24	-0.22	50.4	13.77
1	11	B2P3	D	0.02	39.6	-1.38	10.19	7.25	-0.22	50.4	13.83
1	12	B2P3	D	-0.01	39.67	-1.37	10.21	7.26	-0.23	50.4	13.87
1	13	B2P3	D	0.04	39.76	-1.37	10.23	7.27	-0.23	50.4	13.97
1	14	B2P3	D	0.12	39.8	-1.38	10.25	7.28	-0.23	50.4	13.99
1	15	B2P3	D	0.31	39.7	-1.36	10.24	7.27	-0.22	50.4	13.91
1	16	B2P3	D	0.34	39.6	-1.36	10.23	7.27	-0.22	50.38	13.82
1	17	B2P3	D	0.36	39.46	-1.36	10.23	7.26	-0.21	50.3	13.69
1	18	B2P3	D	0.42	39.28	-1.34	10.22	7.26	-0.2	50.3	13.54
1	19	B2P3	D	0.47	39.17	-1.31	10.21	7.25	-0.2	50.3	13.4
2	20	B2P3	D	0.53	38.97	-1.33	10.21	7.24	-0.19	50.29	13.21
2	21	B2P3	D	0.54	38.88	-1.32	10.18	7.23	-0.18	50.3	13.12
2	22	B2P3	D	0.52	38.71	-1.3	10.15	7.2	-0.17	50.3	12.95
2	23	B2P3	D	0.53	38.54	-1.3	10.13	7.16	-0.16	50.3	12.77
2		B2P3	D	0.57	38.5	-1.31	10.12	7.15	-0.16	50.3	12.69
2	0	B2P3	D	0.52	38.35	-1.3	10.11	7.13	-0.15	50.3	12.57
2	1	B2P3	D	0.54	38.16	-1.29	10.09	7.1	-0.14	50.3	12.36
2	2	B2P3	D	0.55	37.95	-1.3	10.09	7.1	-0.13	50.27	12.18
2	3	B2P3	D	0.56	37.78	-1.29	10.09	7.08	-0.12	50.2	12.02
2	4	B2P3	D	0.6	37.65	-1.27	10.09	7.07	-0.11	50.2	11.89
2	5	B2P3	D	0.58	37.49	-1.28	10.1	7.06	-0.1	50.2	11.76
2	6	B2P3	D	0.55	37.35	-1.27	10.12	7.06	-0.1	50.17	11.64
2	7	B2P3	D	0.55	37.23	-1.28	10.15	7.07	-0.09	50.1	11.53
2	8	B2P3	D	0.46	37.15	-1.27	10.18	7.08	-0.09	50.1	11.45
2	9	B2P3	D	0.28	37.1	-1.28	10.21	7.09	-0.09	50.1	11.41
2	10	B2P3	D	0.23	37.1	-1.28	10.24	7.1	-0.09	50.1	11.38
2	11	B2P3	D	0.12	37.1	-1.31	10.26	7.11	-0.1	50.1	11.41
2	12	B2P3	D	0.07	37.1	-1.3	10.29	7.12	-0.1	50.1	11.47
2	13	B2P3	D	0.05	37.18	-1.29	10.32	7.13	-0.1	50.1	11.51
2	14	B2P3	D	0.07	37.2	-1.3	10.35	7.14	-0.11	50.1	11.55
2	15	B2P3	D	0.11	37.2	-1.29	10.38	7.14	-0.11	50.01	11.57
2	16	B2P3	D	0.15	37.2	-1.28	10.4	7.15	-0.11	50	11.58
2	17	B2P3	D	0.22	37.2	-1.28	10.43	7.16	-0.11	50	11.57
2	18	B2P3	D	0.24	37.2	-1.29	10.45	7.17	-0.11	50	11.57
2	19	B2P3	D	0.33	37.2	-1.27	10.47	7.18	-0.11	50	11.57
3	20	B2P3	D	0.41	37.2	-1.28	10.49	7.19	-0.11	50.03	11.57
3	21	B2P3	D	0.56	37.12	-1.27	10.5	7.19	-0.1	50.1	11.48
3	22	B2P3	D	0.63	37.1	-1.25	10.5	7.19	-0.1	50.1	11.43
3	23	B2P3	D	0.62	37.02	-1.26	10.49	7.18	-0.1	50.1	11.37
3		B2P3	D	0.69	37	-1.3	10.48	7.18	-0.1	50.1	11.35
3	0	B2P3	D	0.62	37	-1.25	10.48	7.17	-0.09	50.1	11.32
3	1	B2P3	D	0.66	37	-1.25	10.47	7.17	-0.09	50.1	11.27
3	2	B2P3	D	0.67	36.94	-1.25	10.46	7.16	-0.08	50.1	11.24
3	3	B2P3	D	0.67	36.9	-1.22	10.44	7.16	-0.08	50.1	11.2
3	4	B2P3	D	0.73	36.9	-1.25	10.43	7.15	-0.08	50.1	11.16
3	5	B2P3	D	0.68	36.9	-1.25	10.42	7.15	-0.08	50.1	11.15
3	6	B2P3	D	0.51	36.9	-1.27	10.41	7.15	-0.07	50.1	11.14
3	7	B2P3	D	0.22	36.9	-1.27	10.42	7.15	-0.08	50.1	11.15
3	8	B2P3	D	0.16	36.9	-1.27	10.44	7.16	-0.08	50.1	11.16
3	9	B2P3	D	0.1	36.91	-1.28	10.46	7.17	-0.09	50.1	11.2
3	10	B2P3	D	0.02	37.04	-1.3	10.47	7.17	-0.1	50.1	11.33
3	11	B2P3	D	0.08	37.07	-1.27	10.49	7.17	-0.11	50.1	11.36
3	12	B2P3	D	-0.06	37.15	-1.3	10.5	7.18	-0.11	50.1	11.44
3	13	B2P3	D	-0.09	37.44	-1.31	10.52	7.18	-0.13	50.1	11.75
3	14	B2P3	D	-0.09	37.74	-1.32	10.54	7.19	-0.15	50.1	12.06
3	15	B2P3	D	-0.11	37.84	-1.32	10.54	7.19	-0.16	50.1	12.16
3	16	B2P3	D	-0.1	37.98	-1.34	10.55	7.19	-0.17	50.1	12.32
3	17	B2P3	D	-0.09	38.18	-1.34	10.56	7.2	-0.18	50.1	12.49
3	18	B2P3	D	-0.05	38.2	-1.32	10.56	7.2	-0.19	50.1	12.53
3	19	B2P3	D	0.07	38.2	-1.33	10.62	7.24	-0.18	50.1	12.59
4	20	B2P3	D	0.27	38.21	-1.31	10.6	7.23	-0.19	50.1	12.59
4	21	B2P3	D	0.41	38.3	-1.3	10.57	7.21	-0.2	50.1	12.67
4	22	B2P3	D	0.51	38.3	-1.31	10.57	7.21	-0.19	50.1	12.6
4	23	B2P3	D	0.5	38.3	-1.29	10.56	7.2	-0.19	50.1	12.61
4		B2P3	D	0.49	38.3	-1.29	10.55	7.2	-0.19	50.1	12.64
4	0	B2P3	D	0.57	38.3	-1.28	10.55	7.2	-0.19	50.11	12.63
4	1	B2P3	D	0.5	38.37	-1.29	10.48	7.2	-0.17	50.22	12.65
4	2	B2P3	D	0.41	38.4	-1.29	10.33	7.21	-0.16	50.39	12.59
4	3	B2P3	D	0.5	38.4	-1.3	10.45	7.2	-0.17	50.3	12.6
4	4	B2P3	D	0.57	38.32	-1.29	10.46	7.19	-0.17	50.3	12.55
4	5	B2P3	D	0.5	38.24	-1.3	10.48	7.19	-0.16	50.3	12.5
4	6	B2P3	D	0.5	38.2	-1.3	10.45	7.19	-0.16	50.3	12.46
4	7	B2P3	D	0.56	38.14	-1.29	10.44	7.18	-0.16	50.2	12.4
4	8	B2P3	D	0.62	38.03	-1.29	10.47	7.18	-0.16	50.2	12.34
4	9	B2P3	D	0.52	37.98	-1.29	10.47	7.19	-0.15	50.14	12.3
4	10	B2P3	D	0.59	37.82	-1.29	10.49	7.18	-0.15	50.1	12.19
4	11	B2P3	D	0.55	37.72	-1.28	10.49	7.18	-0.14	50.1	12.09
4	12	B2P3	D	0.49	37.63	-1.29	10.5	7.18	-0.14	50.05	12.02
4	13	B2P3	D	0.41	37.6	-1.29	10.52	7.19	-0.14	50	11.98
4	14	B2P3	D	0.54	37.54	-1.28	10.53	7.2	-0.13	50	11.95
4	15	B2P3	D	0.59	37.5	-1.28	10.54	7.2	-0.13	50	11.9
4	16	B2P3	D	0.56	37.47	-1.28	10.54	7.2	-0.13	50	11.86
4	17	B2P3	D	0.54	37.4	-1.28	10.55	7.21	-0.13	50	11.84
4	18	B2P3	D	0.61	37.4	-1.28	10.56	7.21	-0.13	50	11.79
4	19	B2P3	D	0.65	37.32	-1.27	10.56	7.21	-0.12	50	11.75
5	20	B2P3	D	0.78	37.3	-1.25	10.55	7.21	-0.12	50	11.71
5	21	B2P3	D	0.89	37.27	-1.25	10.55	7.21	-0.12	49.96	11.69
5	22	B2P3	D	0.8	37.2	-1.25	10.53	7.2	-0.11	49.9	11.68
5	23	B2P3	D	0.78	37.2	-1.24	10.52	7.19	-0.11	49.9	11.66
5		B2P3	D	0.69	37.2	-1.28	10.51	7.19	-0.11	49.9	11.64
5	0	B2P3	D	0.74	37.11	-1.25	10.5	7.18	-0.11	49.89	11.63
5	1	B2P3	D	0.81	37.08	-1.24	10.49	7.17	-0.1	49.8	11.59
5	2	B2P3	D	0.82	37	-1.24	10.47	7.16	-0.1	49.8	11.57
0	20	B2P4	NF	-0.06	40.65	-0.65	10.71	6.6	1.14	53.88	12.15
0	21	B2P4	NF	-0.03	40.52	-0.66	10.67	6.59	1.08	53.63	12.21
0	22	B2P4	NF	-0.02	40.49	-0.65	10.67	6.59	1.1	53.67	12.15
0	23	B2P4	NF	-0.03	40.71	-0.65	10.66	6.59	1.09	53.98	12.14
0	0	B2P4	NF	-0.03	40.8	-0.65	10.64	6.59	1.07	54.01	12.19
0	1	B2P4	NF	-0.02	40.69	-0.65	10.64	6.58	1.08	53.88	12.19
0	2	B2P4	NF	-0.03	40.63	-0.64	10.64	6.58	1.13	53.94	12.09
0	3	B2P4	NF	-0.02	40.72	-0.65	10.64	6.58	1.13	53.94	12.17
0	4	B2P4	NF	-0.03	40.69	-0.65	10.64	6.57	1.12	53.84	12.21
0	5	B2P4	NF	-0.03	40.79	-0.66	10.53	6.59	1.1	53.67	12.43
0	6	B2P4	NF	-0.04	40.73	-0.65	10.56	6.59	1.15	53.82	12.27
0	7	B2P4	NF	-0.04	40.5	-0.65	10.63	6.57	1.17	53.76	12.09
0	8	B2P4	NF	-0.04	40.63	-0.65	10.54	6.57	1.19	53.84	12.15
0	9	B2P4	NF	-0.06	40.87	-0.65	10.45	6.58	1.18	53.88	12.36
0	10	B2P4	NF	-0.12	40.91	-0.65	10.46	6.6	1.07	53.76	12.47
0	11	B2P4	NF	-0.14	40.57	-0.66	10.59	6.59	1.12	53.48	12.36
0	12	B2P4	NF	-0.12	40.63	-0.65	10.59	6.59	1.09	53.48	12.42
0	13	B2P4	NF	-0.11	40.49	-0.66	10.65	6.59	1.13	53.43	12.32
0	14	B2P4	NF	-0.1	40.83	-0.66	10.51	6.61	1.03	53.29	12.75
0	15	B2P4	NF	-0.08	41	-0.66	10.6	6.62	1.04	53.13	13.04
0	16	B2P4	NF	-0.08	40.83	-0.65	10.6	6.62	1.03	52.94	13.02
0	17	B2P4	NF	-0.07	40.88	-0.67	10.57	6.64	0.98	52.91	13.1
0	18	B2P4	NF	-0.06	40.81	-0.65	10.56	6.65	0.98	52.85	13.07
0	19	B2P4	NF	-0.05	40.75	-0.66	10.55	6.65	0.98	52.93	12.96
1	20	B2P4	NF	-0.03	40.83	-0.65	10.55	6.65	1	53.19	12.84
1	21	B2P4	NF	-0.02	40.82	-0.66	10.54	6.65	1.01	53.28	12.77
1	22	B2P4	NF	0	40.62	-0.63	10.53	6.64	1.03	53.15	12.66
1	23	B2P4	NF	0.02	40.47	-0.66	10.52	6.64	1.04	53.1	12.56
1	0	B2P4	NF	0.02	40.51	-0.63	10.51	6.64	1.05	53.26	12.47
1	1	B2P4	NF	0.01	40.53	-0.66	10.51	6.63	1.07	53.39	12.39
1	2	B2P4	NF	0.02	40.41	-0.66	10.5	6.62	1.09	53.32	12.33
1	3	B2P4	NF	0.01	40.4	-0.65	10.48	6.62	1.09	53.43	12.27
1	4	B2P4	NF	-0.02	40.38	-0.65	10.48	6.62	1.1	53.4	12.24
1	5	B2P4	NF	-0.02	40.3	-0.65	10.49	6.61	1.1	53.32	12.21
1	6	B2P4	NF	-0.03	40.3	-0.65	10.5	6.61	1.1	53.3	12.19
1	7	B2P4	NF	-0.09	40.22	-0.64	10.5	6.61	1.1	53.25	12.2
1	8	B2P4	NF	-0.09	40.21	-0.64	10.5	6.62	1.07	53.2	12.22
1	9	B2P4	NF	-0.13	40.27	-0.65	10.51	6.61	1.06	53.2	12.27
1	10	B2P4	NF	-0.14	40.34	-0.64	10.54	6.61	1.03	53.04	12.45
1	11	B2P4	NF	-0.14	40.38	-0.66	10.54	6.61	1.02	53.06	12.49
1	12	B2P4	NF	-0.11	40.17	-0.65	10.53	6.6	1.08	52.98	12.34
1	13	B2P4	NF	-0.11	40.13	-0.66	10.55	6.61	1.06	52.84	12.41
1	14	B2P4	NF	-0.09	40.29	-0.66	10.57	6.62	1.02	52.82	12.57
1	15	B2P4	NF	-0.08	39.95	-0.65	10.56	6.61	1.01	52.35	12.6
1	16	B2P4	NF	-0.06	39.71	-0.67	10.57	6.58	1.1	52.27	12.4
1	17	B2P4	NF	-0.04	39.6	-0.65	10.58	6.59	1.13	52.29	12.28
1	18	B2P4	NF	-0.05	39.6	-0.66	10.57	6.6	1.1	52.2	12.37
1	19	B2P4	NF	-0.03	39.5	-0.64	10.59	6.61	1.14	52.3	12.19
2	20	B2P4	NF	-0.01	39.41	-0.65	10.6	6.61	1.19	52.39	12.03
2	21	B2P4	NF	-0.01	39.25	-0.65	10.61	6.6	1.23	52.4	11.9
2	22	B2P4	NF	0.01	39.12	-0.64	10.62	6.6	1.26	52.4	11.76
2	23	B2P4	NF	0	38.95	-0.63	10.63	6.59	1.3	52.4	11.59
2	0	B2P4	NF	0.02	38.84	-0.62	10.63	6.58	1.35	52.4	11.44
2	1	B2P4	NF	0	38.66	-0.63	10.64	6.57	1.37	52.4	11.28
2	2	B2P4	NF	0	38.53	-0.64	10.66	6.56	1.43	52.49	11.09
2	3	B2P4	NF	0.02	38.42	-0.62	10.67	6.56	1.46	52.5	10.96
2	4	B2P4	NF	0.02	38.32	-0.63	10.68	6.55	1.5	52.56	10.82
2	5	B2P4	NF	0.01	38.22	-0.63	10.68	6.55	1.51	52.6	10.71
2	6	B2P4	NF	0.01	38.14	-0.64	10.69	6.55	1.53	52.6	10.62
2	7	B2P4	NF	0	38.1	-0.63	10.7	6.55	1.55	52.6	10.55
2	8	B2P4	NF	-0.01	38.1	-0.63	10.71	6.55	1.56	52.69	10.49
2	9	B2P4	NF	-0.02	38.1	-0.64	10.72	6.56	1.56	52.7	10.45
2	10	B2P4	NF	-0.02	38.08	-0.63	10.73	6.56	1.56	52.73	10.44
2	11	B2P4	NF	-0.04	38.11	-0.63	10.74	6.56	1.55	52.85	10.44
2	12	B2P4	NF	-0.05	38.1	-0.61	10.75	6.57	1.52	52.77	10.49
2	13	B2P4	NF	-0.06	38.1	-0.63	10.79	6.57	1.48	52.66	10.55
2	14	B2P4	NF	-0.07	38.1	-0.64	10.81	6.58	1.47	52.6	10.6
2	15	B2P4	NF	-0.04	38.1	-0.63	10.84	6.59	1.47	52.58	10.64
2	16	B2P4	NF	-0.04	38.1	-0.64	10.85	6.59	1.47	52.5	10.63
2	17	B2P4	NF	0	38.1	-0.63	10.85	6.6	1.48	52.56	10.6
2	18	B2P4	NF	-0.01	38.1	-0.63	10.85	6.61	1.47	52.6	10.57
2	19	B2P4	NF	0.01	38.1	-0.64	10.86	6.6	1.47	52.6	10.56
3	20	B2P4	NF	0.03	38.1	-0.63	10.86	6.61	1.47	52.6	10.53
3	21	B2P4	NF	0.03	38.1	-0.62	10.85	6.61	1.48	52.63	10.49
3	22	B2P4	NF	0.05	38.08	-0.63	10.84	6.6	1.49	52.7	10.46
3	23	B2P4	NF	0.06	38.1	-0.61	10.84	6.59	1.52	52.78	10.45
3	0	B2P4	NF	0.08	38.13	-0.62	10.83	6.59	1.52	52.84	10.44
3	1	B2P4	NF	0.06	38.06	-0.64	10.83	6.59	1.52	52.77	10.4
3	2	B2P4	NF	0.05	38.09	-0.62	10.82	6.59	1.53	52.78	10.37
3	3	B2P4	NF	0.06	38.1	-0.63	10.81	6.59	1.53	52.88	10.35
3	4	B2P4	NF	0.06	38.1	-0.62	10.81	6.59	1.55	52.9	10.33
3	5	B2P4	NF	0.04	38	-0.64	10.8	6.58	1.54	52.9	10.31
3	6	B2P4	NF	0.03	38	-0.64	10.8	6.58	1.54	52.89	10.29
3	7	B2P4	NF	-0.01	38	-0.63	10.81	6.58	1.54	52.86	10.3
3	8	B2P4	NF	-0.04	38	-0.63	10.82	6.58	1.52	52.8	10.31
3	9	B2P4	NF	-0.07	38	-0.63	10.83	6.59	1.49	52.8	10.33
3	10	B2P4	NF	-0.08	38.07	-0.63	10.85	6.59	1.44	52.73	10.45
3	11	B2P4	NF	-0.07	38.18	-0.63	10.86	6.6	1.38	52.6	10.65
3	12	B2P4	NF	-0.11	38.19	-0.64	10.89	6.6	1.4	52.6	10.67
3	13	B2P4	NF	-0.15	38.44	-0.63	10.91	6.61	1.32	52.6	10.94
3	14	B2P4	NF	-0.14	38.6	-0.64	10.91	6.61	1.34	52.63	11.07
3	15	B2P4	NF	-0.13	38.39	-0.63	10.88	6.6	1.4	52.66	10.82
3	16	B2P4	NF	-0.14	38.59	-0.64	10.88	6.6	1.25	52.7	11.01
3	17	B2P4	NF	-0.12	38.74	-0.63	10.9	6.61	1.24	52.7	11.12
3	18	B2P4	NF	-0.11	38.67	-0.65	10.9	6.61	1.27	52.7	11.05
3	19	B2P4	NF	-0.05	38.81	-0.63	10.9	6.61	1.25	52.7	11.17
4	20	B2P4	NF	-0.02	38.68	-0.64	10.9	6.61	1.32	52.74	11.04
4	21	B2P4	NF	-0.01	38.83	-0.64	10.91	6.61	1.31	52.8	11.14
4	22	B2P4	NF	-0.01	38.87	-0.64	10.89	6.6	1.24	52.8	11.19
4	23	B2P4	NF	0.01	38.77	-0.64	10.9	6.6	1.28	52.74	11.14
4	0	B2P4	NF	0.03	38.8	-0.62	10.9	6.6	1.28	52.7	11.19
4	1	B2P4	NF	0.03	38.8	-0.63	10.91	6.6	1.33	52.7	11.2
4	2	B2P4	NF	0.03	38.74	-0.63	10.93	6.6	1.44	52.7	11.13
4	3	B2P4	NF	0.07	38.7	-0.63	10.92	6.6	1.43	52.7	11.13
4	4	B2P4	NF	0.04	38.7	-0.63	10.9	6.6	1.35	52.7	11.15
4	5	B2P4	NF	0.01	38.7	-0.64	10.87	6.59	1.36	52.7	11.09
4	6	B2P4	NF	-0.01	38.77	-0.63	10.87	6.59	1.3	52.7	11.16
4	7	B2P4	NF	0	38.66	-0.63	10.86	6.58	1.31	52.64	11.1
4	8	B2P4	NF	-0.02	38.91	-0.65	10.78	6.6	1.26	52.6	11.31
4	9	B2P4	NF	-0.03	38.84	-0.64	10.76	6.6	1.27	52.6	11.28
4	10	B2P4	NF	0	38.47	-0.63	10.86	6.58	1.38	52.57	10.97
4	11	B2P4	NF	-0.03	38.57	-0.63	10.82	6.59	1.3	52.43	11.15
4	12	B2P4	NF	-0.01	38.49	-0.64	10.8	6.6	1.33	52.4	11.08
4	13	B2P4	NF	-0.02	38.4	-0.63	10.81	6.6	1.34	52.4	11.01
4	14	B2P4	NF	0	38.34	-0.63	10.82	6.6	1.35	52.4	10.96
4	15	B2P4	NF	0.01	38.3	-0.63	10.82	6.61	1.37	52.4	10.92
4	16	B2P4	NF	0.04	38.3	-0.63	10.83	6.61	1.38	52.4	10.88
4	17	B2P4	NF	0.03	38.26	-0.63	10.83	6.61	1.38	52.4	10.86
4	18	B2P4	NF	0.03	38.2	-0.64	10.83	6.61	1.38	52.4	10.85
4	19	B2P4	NF	0.04	38.2	-0.64	10.83	6.61	1.4	52.4	10.82
5	20	B2P4	NF	0.05	38.2	-0.64	10.83	6.61	1.42	52.43	10.78
5	21	B2P4	NF	0.1	38.2	-0.64	10.82	6.61	1.41	52.5	10.76
5	22	B2P4	NF	0.11	38.2	-0.63	10.82	6.61	1.41	52.5	10.75
5	23	B2P4	NF	0.1	38.2	-0.62	10.82	6.61	1.42	52.49	10.74
5	0	B2P4	NF	0.1	38.1	-0.63	10.81	6.61	1.42	52.4	10.72
5	1	B2P4	NF	0.1	38.1	-0.62	10.8	6.6	1.43	52.4	10.7
5	2	B2P4	NF	0.09	38.1	-0.62	10.79	6.6	1.45	52.4	10.68
0	20	B3P0	NF	-0.33	64.76	-0.56		6.68	0.09	81.01	14.5
0	21	B3P0	NF	-0.33	64.86	-0.56		6.67	0.08	81.08	14.54
0	22	B3P0	NF	-0.31	64.92	-0.57		6.67	0.07	81.12	14.55
0	23	B3P0	NF	-0.3	65.03	-0.56		6.68	0.07	81.2	14.59
0		B3P0	NF	-0.35	65	-0.57		6.67	0.08	81.2	14.53
0	0	B3P0	NF	-0.3	64.98	-0.56		6.67	0.08	81.2	14.53
0	1	B3P0	NF	-0.31	64.85	-0.56		6.66	0.09	81.2	14.47
0	2	B3P0	NF	-0.29	64.72	-0.55		6.66	0.1	81.2	14.39
0	3	B3P0	NF	-0.32	64.61	-0.54		6.66	0.11	81.2	14.32
0	4	B3P0	NF	-0.32	64.47	-0.57		6.64	0.13	81.1	14.25
0	5	B3P0	NF	-0.33	64.38	-0.55		6.64	0.13	81.1	14.19
0	6	B3P0	NF	-0.32	64.3	-0.57		6.63	0.14	81.1	14.14
0	7	B3P0	NF	-0.33	64.22	-0.56		6.64	0.15	81.1	14.09
0	8	B3P0	NF	-0.33	64.2	-0.55		6.64	0.17	81.1	14.06
0	9	B3P0	NF	-0.35	64.13	-0.57		6.64	0.15	81.1	14.05
0	10	B3P0	NF	-0.36	64.23	-0.56		6.64	0.14	81.1	14.11
0	11	B3P0	NF	-0.35	64.36	-0.58		6.64	0.12	81.1	14.19
0	12	B3P0	NF	-0.35	64.48	-0.57		6.65	0.09	81.1	14.28
0	13	B3P0	NF	-0.36	64.65	-0.58		6.66	0.09	81.1	14.38
0	14	B3P0	NF	-0.34	64.89	-0.6		6.67	0.08	81.1	14.53
0	15	B3P0	NF	-0.34	64.83	-0.57		6.66	0.09	81.1	14.47
0	16	B3P0	NF	-0.33	64.96	-0.56		6.68	0.09	81.2	14.55
0	17	B3P0	NF	-0.33	65	-0.57		6.68	0.08	81.2	14.57
0	18	B3P0	NF	-0.32	65	-0.56		6.69	0.08	81.2	14.58
0	19	B3P0	NF	-0.32	64.92	-0.57		6.69	0.08	81.2	14.53
1	20	B3P0	NF	-0.27	64.86	-0.54		6.7	0.1	81.2	14.48
1	21	B3P0	NF	-0.28	64.85	-0.56		6.7	0.11	81.2	14.46
1	22	B3P0	NF	-0.26	64.76	-0.55		6.7	0.12	81.2	14.41
1	23	B3P0	NF	-0.26	64.65	-0.56		6.69	0.12	81.2	14.33
1		B3P0	NF	-0.26	64.6	-0.57		6.69	0.15	81.2	14.28
1	0	B3P0	NF	-0.28	64.49	-0.58		6.68	0.13	81.2	14.23
1	1	B3P0	NF	-0.27	64.39	-0.57		6.68	0.14	81.2	14.15
1	2	B3P0	NF	-0.25	64.3	-0.55		6.67	0.16	81.2	14.09
1	3	B3P0	NF	-0.28	64.21	-0.57		6.66	0.17	81.2	14.04
1	4	B3P0	NF	-0.3	64.15	-0.56		6.66	0.17	81.2	14
1	5	B3P0	NF	-0.3	64.1	-0.56		6.65	0.18	81.2	13.96
1	6	B3P0	NF	-0.31	64.1	-0.57		6.65	0.18	81.2	13.94
1	7	B3P0	NF	-0.32	64.1	-0.54		6.65	0.17	81.2	13.94
1	8	B3P0	NF	-0.33	64.1	-0.58		6.65	0.15	81.2	13.96
1	9	B3P0	NF	-0.35	64.2	-0.55		6.65	0.13	81.2	14.02
1	10	B3P0	NF	-0.35	64.3	-0.58		6.65	0.12	81.2	14.09
1	11	B3P0	NF	-0.35	64.45	-0.56		6.66	0.11	81.2	14.2
1	12	B3P0	NF	-0.32	64.82	-0.58		6.67	0.09	81.2	14.42
1	13	B3P0	NF	-0.32	64.9	-0.57		6.68	0.09	81.2	14.46
1	14	B3P0	NF	-0.3	64.88	-0.57		6.68	0.09	81.2	14.47
1	15	B3P0	NF	-0.32	64.61	-0.57		6.66	0.11	81.2	14.3
1	16	B3P0	NF	-0.31	64.44	-0.55		6.67	0.12	81.2	14.19
1	17	B3P0	NF	-0.29	64.28	-0.55		6.68	0.13	81.2	14.1
1	18	B3P0	NF	-0.3	64.09	-0.57		6.67	0.14	81.2	13.99
1	19	B3P0	NF	-0.29	63.85	-0.55		6.68	0.16	81.12	13.85
2	20	B3P0	NF	-0.28	63.52	-0.55		6.68	0.19	81.09	13.66
2	21	B3P0	NF	-0.29	63.38	-0.55		6.68	0.19	81.1	13.58
2	22	B3P0	NF	-0.28	63.1	-0.54		6.66	0.21	81	13.41
2	23	B3P0	NF	-0.29	62.81	-0.53		6.65	0.23	81	13.25
2		B3P0	NF	-0.32	62.7	-0.56		6.65	0.2	80.9	13.19
2	0	B3P0	NF	-0.28	62.54	-0.53		6.63	0.26	80.9	13.1
2	1	B3P0	NF	-0.28	62.24	-0.54		6.62	0.28	80.9	12.93
2	2	B3P0	NF	-0.27	61.97	-0.51		6.61	0.3	80.88	12.77
2	3	B3P0	NF	-0.27	61.7	-0.52		6.6	0.32	80.8	12.61
2	4	B3P0	NF	-0.27	61.43	-0.52		6.6	0.33	80.8	12.46
2	5	B3P0	NF	-0.27	61.24	-0.52		6.59	0.34	80.71	12.35
2	6	B3P0	NF	-0.29	61.04	-0.51		6.58	0.36	80.7	12.24
2	7	B3P0	NF	-0.29	60.91	-0.52		6.59	0.36	80.7	12.16
2	8	B3P0	NF	-0.29	60.8	-0.52		6.59	0.37	80.7	12.1
2	9	B3P0	NF	-0.29	60.7	-0.52		6.6	0.36	80.7	12.07
2	10	B3P0	NF	-0.29	60.7	-0.53		6.6	0.36	80.7	12.06
2	11	B3P0	NF	-0.3	60.78	-0.51		6.61	0.35	80.7	12.09
2	12	B3P0	NF	-0.31	60.87	-0.53		6.61	0.35	80.7	12.14
2	13	B3P0	NF	-0.31	60.9	-0.51		6.62	0.34	80.7	12.17
2	14	B3P0	NF	-0.32	60.97	-0.5		6.63	0.33	80.7	12.22
2	15	B3P0	NF	-0.29	61.02	-0.51		6.63	0.33	80.7	12.26
2	16	B3P0	NF	-0.28	61.1	-0.51		6.65	0.34	80.7	12.29
2	17	B3P0	NF	-0.27	61.1	-0.51		6.66	0.34	80.7	12.29
2	18	B3P0	NF	-0.27	61.1	-0.52		6.66	0.33	80.7	12.3
2	19	B3P0	NF	-0.27	61.1	-0.5		6.66	0.33	80.7	12.29
3	20	B3P0	NF	-0.25	61.13	-0.51		6.66	0.33	80.7	12.3
3	21	B3P0	NF	-0.26	61	-0.5		6.67	0.35	80.7	12.24
3	22	B3P0	NF	-0.25	60.97	-0.52		6.67	0.36	80.7	12.19
3	23	B3P0	NF	-0.22	60.87	-0.51		6.67	0.37	80.7	12.12
3		B3P0	NF	-0.28	60.8	-0.56		6.67	0.35	80.7	12.1
3	0	B3P0	NF	-0.22	60.8	-0.5		6.66	0.37	80.7	12.07
3	1	B3P0	NF	-0.24	60.74	-0.5		6.66	0.38	80.77	12.03
3	2	B3P0	NF	-0.24	60.7	-0.52		6.66	0.39	80.8	11.99
3	3	B3P0	NF	-0.24	60.63	-0.52		6.65	0.39	80.8	11.95
3	4	B3P0	NF	-0.26	60.6	-0.5		6.65	0.4	80.8	11.91
3	5	B3P0	NF	-0.25	60.52	-0.52		6.64	0.4	80.8	11.88
3	6	B3P0	NF	-0.27	60.5	-0.51		6.64	0.41	80.8	11.86
3	7	B3P0	NF	-0.29	60.5	-0.53		6.64	0.4	80.8	11.86
3	8	B3P0	NF	-0.29	60.5	-0.51		6.64	0.4	80.8	11.87
3	9	B3P0	NF	-0.33	60.58	-0.53		6.64	0.39	80.8	11.9
3	10	B3P0	NF	-0.35	60.72	-0.52		6.64	0.35	80.8	12
3	11	B3P0	NF	-0.31	60.94	-0.52		6.64	0.33	80.8	12.14
3	12	B3P0	NF	-0.35	60.97	-0.53		6.65	0.33	80.8	12.16
3	13	B3P0	NF	-0.37	61.29	-0.53		6.65	0.29	80.8	12.36
3	14	B3P0	NF	-0.36	61.69	-0.53		6.65	0.25	80.8	12.62
3	15	B3P0	NF	-0.36	61.96	-0.53		6.66	0.22	80.8	12.8
3	16	B3P0	NF	-0.36	61.84	-0.51		6.66	0.24	80.8	12.73
3	17	B3P0	NF	-0.35	62.26	-0.54		6.66	0.19	80.8	12.98
3	18	B3P0	NF	-0.35	62.29	-0.52		6.66	0.19	80.8	13.01
3	19	B3P0	NF	-0.32	62.35	-0.52		6.66	0.19	80.8	13.05
4	20	B3P0	NF	-0.32	62.44	-0.52		6.67	0.19	80.79	13.07
4	21	B3P0	NF	-0.25	62.37	-0.51		6.67	0.19	80.8	13.11
4	22	B3P0	NF	-0.25	62.41	-0.52		6.66	0.19	80.8	13.08
4	23	B3P0	NF	-0.24	62.56	-0.51		6.68	0.21	80.85	13.15
4		B3P0	NF	-0.19	62.8	-0.48		6.68	0.22	81	13.22
4	0	B3P0	NF	-0.22	62.61	-0.53		6.69	0.22	80.94	13.14
4	1	B3P0	NF	-0.25	62.49	-0.51		6.68	0.24	80.9	13.05
4	2	B3P0	NF	-0.26	62.48	-0.53		6.67	0.24	80.9	13.06
4	3	B3P0	NF	-0.25	62.34	-0.51		6.67	0.24	80.9	13
4	4	B3P0	NF	-0.27	62.19	-0.54		6.65	0.25	80.9	12.91
4	5	B3P0	NF	-0.28	62.04	-0.52		6.65	0.27	80.9	12.81
4	6	B3P0	NF	-0.27	62	-0.52		6.65	0.28	80.9	12.77
4	7	B3P0	NF	-0.27	61.91	-0.51		6.65	0.29	80.9	12.74
4	8	B3P0	NF	-0.27	61.87	-0.52		6.65	0.29	80.84	12.72
4	9	B3P0	NF	-0.28	61.78	-0.52		6.65	0.29	80.8	12.68
4	10	B3P0	NF	-0.28	61.57	-0.52		6.64	0.3	80.72	12.57
4	11	B3P0	NF	-0.28	61.4	-0.52		6.64	0.3	80.7	12.49
4	12	B3P0	NF	-0.27	61.28	-0.52		6.64	0.3	80.67	12.42
4	13	B3P0	NF	-0.26	61.22	-0.51		6.64	0.32	80.6	12.4
4	14	B3P0	NF	-0.26	61.12	-0.51		6.65	0.32	80.6	12.33
4	15	B3P0	NF	-0.25	61.04	-0.52		6.65	0.33	80.6	12.29
4	16	B3P0	NF	-0.25	61	-0.52		6.65	0.34	80.6	12.27
4	17	B3P0	NF	-0.25	60.92	-0.51		6.65	0.34	80.6	12.21
4	18	B3P0	NF	-0.23	60.84	-0.51		6.66	0.34	80.6	12.17
4	19	B3P0	NF	-0.23	60.8	-0.5		6.66	0.35	80.6	12.13
5	20	B3P0	NF	-0.21	60.75	-0.51		6.66	0.36	80.6	12.11
5	21	B3P0	NF	-0.19	60.7	-0.5		6.66	0.36	80.54	12.11
5	22	B3P0	NF	-0.19	60.61	-0.5		6.65	0.37	80.5	12.08
5	23	B3P0	NF	-0.2	60.55	-0.5		6.65	0.37	80.45	12.05
5		B3P0	NF	-0.21	60.5	-0.5		6.65	0.39	80.4	12.03
5	0	B3P0	NF	-0.2	60.33	-0.5		6.64	0.38	80.31	11.99
5	1	B3P0	NF	-0.2	60.3	-0.5		6.64	0.39	80.3	11.97
5	2	B3P0	NF	-0.19	60.3	-0.5		6.63	0.38	80.3	11.96
0	20	B3P1	D	2.09	61.8	-0.33	9.49	7.58	2.33	78.11	14.06
0	21	B3P1	D	2.25	62.07	-0.31	9.49	7.59	2.29	78.43	14.08
0	22	B3P1	D	2.44	62.51	-0.31	9.48	7.53	2.35	78.99	14.08
0	23	B3P1	D	2.37	63.17	-0.31	9.49	7.52	2.37	79.78	14.1
0	0	B3P1	D	2.44	63.2	-0.27	9.48	7.49	2.34	79.86	14.08
0	1	B3P1	D	2.39	63.5	-0.31	9.46	7.45	2.32	80.22	14.09
0	2	B3P1	D	2.52	63.4	-0.3	9.46	7.42	2.33	80.1	14.09
0	3	B3P1	D	2.53	63.69	-0.3	9.45	7.41	2.38	80.45	14.1
0	4	B3P1	D	2.55	63.66	-0.27	9.43	7.39	2.33	80.41	14.09
0	5	B3P1	D	2.29	62.92	-0.32	9.43	7.39	2.34	79.44	14.11
0	6	B3P1	D	2.07	62.94	-0.32	9.42	7.38	2.36	79.49	14.11
0	7	B3P1	D	2.09	62.43	-0.33	9.34	7.36	2.34	78.71	14.16
0	8	B3P1	D	2	62.98	-0.34	9.21	7.3	2.33	79.31	14.22
0	9	B3P1	D	1.96	63.23	-0.34	9.17	7.26	2.3	79.57	14.25
0	10	B3P1	D	1.44	63.39	-0.38	9.15	7.3	2.26	79.65	14.31
0	11	B3P1	D	1.44	62.97	-0.38	9.22	7.37	2.26	79.06	14.35
0	12	B3P1	D	1.46	62.84	-0.37	9.26	7.4	2.23	78.78	14.41
0	13	B3P1	D	1.74	63.31	-0.36	9.21	7.47	2.18	79.21	14.49
0	14	B3P1	D	1.71	62.92	-0.37	9.22	7.36	2.27	78.74	14.49
0	15	B3P1	D	1.78	62.96	-0.39	9.27	7.45	2.29	78.69	14.54
0	16	B3P1	D	1.85	62.65	-0.38	9.27	7.45	2.22	78.27	14.55
0	17	B3P1	D	1.96	62.72	-0.37	9.27	7.46	2.26	78.31	14.59
0	18	B3P1	D	2.02	62.89	-0.39	9.3	7.39	2.31	78.48	14.61
0	19	B3P1	D	2.22	63.08	-0.38	9.29	7.36	2.37	78.56	14.69
1	20	B3P1	D	2.42	63.36	-0.34	9.33	7.46	2.3	78.91	14.68
1	21	B3P1	D	2.74	63.38	-0.33	9.35	7.57	2.23	78.87	14.72
1	22	B3P1	D	3.18	63.26	-0.27	9.32	7.59	2.13	78.7	14.73
1	23	B3P1	D	3.17	63.03	-0.27	9.31	7.49	2.18	78.68	14.58
1	0	B3P1	D	3.16	62.8	-0.28	9.23	7.45	2.15	78.63	14.47
1	1	B3P1	D	3.16	62.74	-0.23	9.15	7.34	2.21	78.72	14.38
1	2	B3P1	D	3.03	62.89	-0.27	9.07	7.17	2.33	79.01	14.31
1	3	B3P1	D	3.2	63.3	-0.24	9.06	7.21	2.28	79.69	14.23
1	4	B3P1	D	2.87	63.14	-0.26	9.02	7.16	2.3	79.59	14.17
1	5	B3P1	D	2.6	63.48	-0.3	9	7.16	2.31	80.11	14.13
1	6	B3P1	D	2.57	62.99	-0.29	8.97	7.13	2.28	79.63	14.06
1	7	B3P1	D	2.3	62.51	-0.33	9.03	7.21	2.23	79.02	14.06
1	8	B3P1	D	2.02	62.78	-0.35	9.03	7.19	2.33	79.31	14.08
1	9	B3P1	D	1.79	62.96	-0.33	9.06	7.22	2.28	79.49	14.12
1	10	B3P1	D	1.93	62.86	-0.33	9.13	7.35	2.18	79.27	14.16
1	11	B3P1	D	1.85	62.77	-0.34	9.13	7.33	2.2	79.05	14.22
1	12	B3P1	D	1.89	62.56	-0.34	9.18	7.44	2.16	78.66	14.28
1	13	B3P1	D	2.02	62.61	-0.33	9.2	7.36	2.24	78.59	14.36
1	14	B3P1	D	2.25	62.67	-0.33	9.27	7.43	2.17	78.32	14.54
1	15	B3P1	D	2.48	62.57	-0.32	9.29	7.47	2.12	78.11	14.57
1	16	B3P1	D	2.57	62.25	-0.32	9.23	7.4	2.16	78.1	14.36
1	17	B3P1	D	2.57	61.98	-0.3	9.2	7.38	2.19	78.1	14.19
1	18	B3P1	D	2.62	61.57	-0.29	9.16	7.32	2.24	78.1	13.93
1	19	B3P1	D	2.74	61.19	-0.27	9.11	7.26	2.28	78.1	13.69
2	20	B3P1	D	2.89	60.85	-0.27	9.07	7.2	2.32	78.05	13.46
2	21	B3P1	D	3.14	60.5	-0.24	9.01	7.13	2.37	78	13.22
2	22	B3P1	D	3.18	60.07	-0.28	8.95	7.06	2.41	78	12.95
2	23	B3P1	D	3.2	59.53	-0.26	8.88	6.98	2.46	77.95	12.63
2	0	B3P1	D	3.1	59.01	-0.25	8.85	6.92	2.49	77.9	12.3
2	1	B3P1	D	3.13	58.46	-0.24	8.83	6.86	2.53	77.83	11.97
2	2	B3P1	D	3.14	57.95	-0.25	8.83	6.82	2.56	77.78	11.65
2	3	B3P1	D	3.18	57.53	-0.23	8.84	6.79	2.59	77.7	11.39
2	4	B3P1	D	3.14	57.12	-0.22	8.86	6.77	2.6	77.65	11.15
2	5	B3P1	D	3.02	56.77	-0.24	8.88	6.76	2.63	77.6	10.95
2	6	B3P1	D	2.93	56.5	-0.22	8.93	6.76	2.65	77.6	10.79
2	7	B3P1	D	2.93	56.29	-0.23	8.97	6.77	2.66	77.55	10.65
2	8	B3P1	D	2.8	56.13	-0.25	9.03	6.78	2.66	77.5	10.55
2	9	B3P1	D	2.65	56.1	-0.24	9.1	6.8	2.65	77.52	10.49
2	10	B3P1	D	2.58	56.09	-0.24	9.17	6.83	2.64	77.6	10.47
2	11	B3P1	D	2.26	56.22	-0.24	9.21	6.85	2.6	77.73	10.51
2	12	B3P1	D	2.09	56.18	-0.27	9.28	6.88	2.59	77.51	10.59
2	13	B3P1	D	1.91	56.31	-0.29	9.35	6.92	2.55	77.45	10.7
2	14	B3P1	D	1.91	56.42	-0.28	9.43	6.96	2.52	77.4	10.81
2	15	B3P1	D	2.16	56.52	-0.29	9.5	6.99	2.5	77.4	10.9
2	16	B3P1	D	2.35	56.6	-0.27	9.56	7.02	2.5	77.37	10.96
2	17	B3P1	D	2.58	56.7	-0.27	9.6	7.05	2.48	77.4	10.99
2	18	B3P1	D	2.6	56.7	-0.28	9.64	7.08	2.48	77.4	11.01
2	19	B3P1	D	2.65	56.7	-0.26	9.69	7.11	2.48	77.4	11.03
3	20	B3P1	D	2.68	56.69	-0.22	9.75	7.15	2.49	77.4	11.02
3	21	B3P1	D	2.91	56.61	-0.25	9.76	7.16	2.52	77.4	10.96
3	22	B3P1	D	3.24	56.55	-0.21	9.75	7.14	2.55	77.4	10.9
3	23	B3P1	D	3.39	56.5	-0.18	9.73	7.12	2.57	77.48	10.84
3	0	B3P1	D	3.36	56.5	-0.16	9.7	7.09	2.6	77.5	10.78
3	1	B3P1	D	3.31	56.53	-0.18	9.67	7.07	2.62	77.65	10.73
3	2	B3P1	D	3.17	56.59	-0.18	9.61	7.03	2.68	77.92	10.67
3	3	B3P1	D	3.34	56.78	-0.19	9.58	7	2.68	78.24	10.64
3	4	B3P1	D	3.02	57.14	-0.21	9.54	6.98	2.7	78.82	10.6
3	5	B3P1	D	3	56.97	-0.22	9.51	6.97	2.7	78.67	10.56
3	6	B3P1	D	2.81	56.75	-0.24	9.5	6.96	2.72	78.43	10.53
3	7	B3P1	D	2.48	56.89	-0.26	9.5	6.97	2.71	78.64	10.53
3	8	B3P1	D	2.35	56.49	-0.25	9.48	6.95	2.72	78.06	10.53
3	9	B3P1	D	1.71	56.4	-0.3	9.58	7.02	2.65	77.84	10.58
3	10	B3P1	D	1.15	56.41	-0.32	9.62	7.03	2.66	77.71	10.64
3	11	B3P1	D	2.09	56.7	-0.28	9.68	7.09	2.57	77.62	10.88
3	12	B3P1	D	1.26	57.01	-0.34	9.72	7.11	2.5	77.62	11.09
3	13	B3P1	D	0.98	57.26	-0.32	9.72	7.11	2.48	77.65	11.26
3	14	B3P1	D	1.19	57.37	-0.31	9.76	7.15	2.48	77.67	11.32
3	15	B3P1	D	1.23	57.59	-0.34	9.78	7.17	2.41	77.63	11.48
3	16	B3P1	D	1.78	57.78	-0.32	9.81	7.21	2.42	77.67	11.6
3	17	B3P1	D	1.14	57.79	-0.35	9.86	7.25	2.44	77.69	11.61
3	18	B3P1	D	1.38	57.9	-0.33	9.88	7.28	2.45	77.7	11.66
3	19	B3P1	D	1.7	58.1	-0.3	9.89	7.31	2.44	77.84	11.73
4	20	B3P1	D	2.07	58.39	-0.29	9.9	7.34	2.44	78.19	11.74
4	21	B3P1	D	2.33	58.36	-0.29	9.92	7.37	2.46	78.14	11.74
4	22	B3P1	D	2.38	58.46	-0.26	9.9	7.34	2.5	78.27	11.74
4	23	B3P1	D	2.73	58.26	-0.25	9.9	7.3	2.56	78.04	11.73
4	0	B3P1	D	2.6	58.27	-0.23	9.89	7.29	2.52	78	11.75
4	1	B3P1	D	2.5	58.61	-0.23	9.88	7.27	2.54	78.5	11.74
4	2	B3P1	D	2.63	58.66	-0.25	9.86	7.28	2.44	78.54	11.75
4	3	B3P1	D	2.91	58.18	-0.24	9.85	7.24	2.47	77.92	11.72
4	4	B3P1	D	2.86	58.02	-0.26	9.85	7.22	2.47	77.73	11.72
4	5	B3P1	D	3.09	58.24	-0.26	9.78	7.19	2.48	77.83	11.82
4	6	B3P1	D	3.21	58.41	-0.27	9.64	7.11	2.49	77.89	11.91
4	7	B3P1	D	3.1	58.59	-0.28	9.58	7.1	2.44	78	11.97
4	8	B3P1	D	2.75	58.52	-0.3	9.62	7.11	2.47	78.04	11.92
4	9	B3P1	D	2.77	58.39	-0.27	9.6	7.08	2.43	77.84	11.92
4	10	B3P1	D	2.65	58.09	-0.28	9.58	7.09	2.42	77.6	11.83
4	11	B3P1	D	2.58	57.84	-0.25	9.56	7.06	2.47	77.6	11.66
4	12	B3P1	D	2.55	57.66	-0.27	9.56	7.07	2.48	77.59	11.56
4	13	B3P1	D	2.51	57.52	-0.26	9.58	7.08	2.47	77.5	11.49
4	14	B3P1	D	2.63	57.39	-0.28	9.6	7.08	2.43	77.5	11.41
4	15	B3P1	D	2.79	57.24	-0.28	9.6	7.09	2.46	77.5	11.33
4	16	B3P1	D	2.79	57.11	-0.28	9.61	7.09	2.46	77.5	11.25
4	17	B3P1	D	2.73	57.01	-0.26	9.63	7.1	2.46	77.44	11.18
4	18	B3P1	D	2.87	56.91	-0.24	9.63	7.1	2.52	77.4	11.12
4	19	B3P1	D	3.01	56.8	-0.24	9.63	7.1	2.55	77.4	11.06
5	20	B3P1	D	3.39	56.84	-0.21	9.62	7.09	2.53	77.49	11.03
5	21	B3P1	D	3.44	57.17	-0.21	9.6	7.07	2.52	77.99	11.03
5	22	B3P1	D	3.66	56.98	-0.18	9.59	7.06	2.53	77.78	11
5	23	B3P1	D	3.77	56.76	-0.15	9.55	7.03	2.55	77.56	10.97
5	0	B3P1	D	3.63	56.6	-0.19	9.51	7	2.55	77.4	10.92
5	1	B3P1	D	3.73	56.63	-0.16	9.47	6.97	2.57	77.51	10.89
5	2	B3P1	D	3.6	56.69	-0.16	9.44	6.94	2.59	77.61	10.89
0	20	B3P2	D	0.85	77.64	-0.3	10.37	6.71	9.54	97.73	14.24
0	21	B3P2	D	0.95	77.91	-0.28	10.36	6.72	9.52	98.01	14.26
0	22	B3P2	D	0.93	78.24	-0.27	10.35	6.72	9.5	98.38	14.29
0	23	B3P2	D	0.93	78.24	-0.27	10.37	6.73	9.55	98.41	14.27
0	0	B3P2	D	0.99	78.33	-0.27	10.43	6.76	9.62	98.45	14.3
0	1	B3P2	D	0.84	78.3	-0.28	10.41	6.75	9.66	98.52	14.26
0	2	B3P2	D	0.84	78.3	-0.25	10.35	6.73	9.58	98.5	14.29
0	3	B3P2	D	0.94	78.29	-0.26	10.38	6.73	9.63	98.52	14.28
0	4	B3P2	D	0.84	78.31	-0.28	10.37	6.73	9.62	98.46	14.28
0	5	B3P2	D	0.88	78.24	-0.28	10.43	6.75	9.74	98.35	14.29
0	6	B3P2	D	0.94	78.38	-0.27	10.29	6.7	9.62	98.45	14.33
0	7	B3P2	D	1.06	78.32	-0.29	10	6.65	9.2	98.29	14.37
0	8	B3P2	D	1.15	78.16	-0.25	10.08	6.69	9.21	98.19	14.32
0	9	B3P2	D	1.04	78.33	-0.26	10.09	6.69	9.18	98.4	14.32
0	10	B3P2	D	0.8	78.44	-0.3	10.13	6.7	9.2	98.4	14.38
0	11	B3P2	D	0.7	78.42	-0.28	10.19	6.72	9.28	98.23	14.44
0	12	B3P2	D	0.68	78.5	-0.3	10.16	6.72	9.2	98.17	14.5
0	13	B3P2	D	0.69	78.68	-0.29	10.22	6.76	9.21	98.2	14.59
0	14	B3P2	D	0.76	78.49	-0.29	10.2	6.74	9.19	98	14.58
0	15	B3P2	D	0.76	78.55	-0.3	10.28	6.77	9.28	98	14.62
0	16	B3P2	D	0.78	78.69	-0.29	10.25	6.76	9.2	98.01	14.68
0	17	B3P2	D	0.83	78.71	-0.28	10.26	6.77	9.19	98.05	14.67
0	18	B3P2	D	0.87	78.76	-0.27	10.28	6.78	9.15	98.05	14.69
0	19	B3P2	D	0.94	78.81	-0.27	10.25	6.78	9.13	98.14	14.69
1	20	B3P2	D	0.98	79.06	-0.28	10.23	6.78	9.07	98.3	14.75
1	21	B3P2	D	1.02	79.1	-0.29	10.23	6.78	9.07	98.31	14.77
1	22	B3P2	D	1.22	79.13	-0.23	10.26	6.78	9.03	98.19	14.82
1	23	B3P2	D	1.42	78.94	-0.23	10.29	6.8	8.95	98.07	14.79
1	0	B3P2	D	1.34	78.7	-0.21	10.27	6.79	9.03	98.05	14.68
1	1	B3P2	D	1.15	78.73	-0.25	10.14	6.75	9.08	98.28	14.58
1	2	B3P2	D	1.14	78.61	-0.25	10.18	6.76	9.01	98.27	14.52
1	3	B3P2	D	1.21	78.41	-0.26	10.12	6.73	9.02	98.16	14.45
1	4	B3P2	D	1.15	78.3	-0.27	10.14	6.73	9.08	98.2	14.39
1	5	B3P2	D	1.12	78.25	-0.26	10.16	6.74	9.06	98.19	14.35
1	6	B3P2	D	1.02	78.11	-0.29	10.16	6.74	9.05	98.13	14.32
1	7	B3P2	D	0.95	78	-0.29	10.17	6.75	9.1	98.03	14.3
1	8	B3P2	D	0.85	78.07	-0.3	10.17	6.74	9.03	98.06	14.32
1	9	B3P2	D	0.74	78.1	-0.29	10.17	6.75	9.08	98	14.35
1	10	B3P2	D	0.78	78.14	-0.28	10.19	6.76	8.98	97.97	14.4
1	11	B3P2	D	0.73	78.18	-0.28	10.22	6.77	8.97	97.9	14.45
1	12	B3P2	D	0.78	78.27	-0.29	10.27	6.78	8.88	97.62	14.63
1	13	B3P2	D	1.01	78.55	-0.26	10.31	6.77	8.67	97.46	14.84
1	14	B3P2	D	0.96	78.35	-0.26	10.37	6.79	8.79	97.28	14.81
1	15	B3P2	D	1.06	77.82	-0.28	10.34	6.78	8.99	97.05	14.62
1	16	B3P2	D	1.16	77.46	-0.25	10.29	6.78	9.05	97.01	14.43
1	17	B3P2	D	1.18	77.17	-0.26	10.27	6.78	9.02	97	14.28
1	18	B3P2	D	1.19	76.8	-0.28	10.25	6.78	9.04	97	14.11
1	19	B3P2	D	1.24	76.51	-0.27	10.23	6.77	9.07	97	13.95
2	20	B3P2	D	1.29	76.25	-0.26	10.21	6.77	9.1	96.95	13.81
2	21	B3P2	D	1.42	75.93	-0.22	10.18	6.75	9.13	96.91	13.66
2	22	B3P2	D	1.41	75.5	-0.25	10.14	6.72	9.17	96.81	13.48
2	23	B3P2	D	1.36	74.98	-0.21	10.09	6.68	9.21	96.68	13.25
2	0	B3P2	D	1.36	74.55	-0.2	10.06	6.65	9.25	96.59	13.05
2	1	B3P2	D	1.36	74.02	-0.22	10.04	6.61	9.28	96.49	12.81
2	2	B3P2	D	1.37	73.59	-0.2	10.02	6.59	9.32	96.39	12.61
2	3	B3P2	D	1.39	73.14	-0.2	10.02	6.56	9.35	96.3	12.41
2	4	B3P2	D	1.47	72.77	-0.22	10.02	6.55	9.38	96.23	12.23
2	5	B3P2	D	1.36	72.46	-0.22	10.02	6.54	9.41	96.2	12.08
2	6	B3P2	D	1.35	72.19	-0.23	10.03	6.54	9.43	96.2	11.95
2	7	B3P2	D	1.36	72.02	-0.24	10.05	6.54	9.45	96.2	11.86
2	8	B3P2	D	1.33	71.84	-0.23	10.08	6.54	9.46	96.21	11.76
2	9	B3P2	D	1.25	71.77	-0.23	10.11	6.54	9.46	96.18	11.72
2	10	B3P2	D	1.22	71.58	-0.22	10.17	6.55	9.47	96.04	11.67
2	11	B3P2	D	1.16	71.72	-0.23	10.22	6.56	9.46	96.2	11.68
2	12	B3P2	D	1.12	71.83	-0.23	10.24	6.57	9.41	96.22	11.74
2	13	B3P2	D	1.14	71.8	-0.22	10.29	6.59	9.39	96.04	11.78
2	14	B3P2	D	1.11	71.88	-0.24	10.36	6.61	9.38	96	11.86
2	15	B3P2	D	1.14	72	-0.23	10.41	6.62	9.36	96	11.93
2	16	B3P2	D	1.18	72.07	-0.24	10.47	6.66	9.38	96	11.96
2	17	B3P2	D	1.26	72.1	-0.22	10.52	6.67	9.41	96	11.97
2	18	B3P2	D	1.26	72.1	-0.23	10.54	6.69	9.41	96	11.96
2	19	B3P2	D	1.31	72.1	-0.24	10.58	6.71	9.41	96	11.96
3	20	B3P2	D	1.29	72.1	-0.22	10.58	6.71	9.42	96.04	11.95
3	21	B3P2	D	1.38	72.1	-0.23	10.59	6.71	9.44	96.16	11.92
3	22	B3P2	D	1.43	72.1	-0.2	10.6	6.72	9.46	96.21	11.88
3	23	B3P2	D	1.35	72.1	-0.23	10.6	6.73	9.48	96.3	11.84
3	0	B3P2	D	1.44	72.06	-0.19	10.59	6.72	9.51	96.28	11.8
3	1	B3P2	D	1.4	71.97	-0.2	10.56	6.71	9.54	96.4	11.76
3	2	B3P2	D	1.49	71.9	-0.2	10.52	6.69	9.57	96.4	11.71
3	3	B3P2	D	1.55	71.84	-0.18	10.51	6.68	9.59	96.4	11.67
3	4	B3P2	D	1.44	71.78	-0.2	10.45	6.67	9.6	96.4	11.63
3	5	B3P2	D	1.3	71.68	-0.2	10.42	6.65	9.6	96.4	11.59
3	6	B3P2	D	1.32	71.6	-0.22	10.41	6.64	9.6	96.4	11.56
3	7	B3P2	D	1.23	71.6	-0.22	10.4	6.64	9.6	96.4	11.55
3	8	B3P2	D	1.23	71.6	-0.23	10.41	6.65	9.61	96.35	11.56
3	9	B3P2	D	1.05	71.6	-0.23	10.43	6.66	9.58	96.28	11.58
3	10	B3P2	D	0.89	71.7	-0.24	10.5	6.68	9.41	96.12	11.69
3	11	B3P2	D	1.11	72	-0.24	10.5	6.67	9.34	96.16	11.85
3	12	B3P2	D	1.01	72.26	-0.26	10.51	6.67	9.26	96.23	11.95
3	13	B3P2	D	0.81	72.5	-0.25	10.54	6.67	9.19	96.2	12.11
3	14	B3P2	D	0.79	72.65	-0.26	10.56	6.69	9.22	96.2	12.18
3	15	B3P2	D	0.72	73.07	-0.24	10.62	6.72	9.17	96.2	12.41
3	16	B3P2	D	0.79	73.03	-0.25	10.62	6.73	9.2	96.2	12.38
3	17	B3P2	D	0.75	73.2	-0.25	10.62	6.73	9.14	96.21	12.48
3	18	B3P2	D	0.74	73.27	-0.25	10.65	6.73	9.18	96.29	12.49
3	19	B3P2	D	0.76	73.28	-0.24	10.63	6.74	9.16	96.3	12.49
4	20	B3P2	D	0.85	73.3	-0.23	10.66	6.75	9.18	96.3	12.52
4	21	B3P2	D	0.94	73.32	-0.23	10.64	6.74	9.16	96.3	12.52
4	22	B3P2	D	0.95	73.4	-0.24	10.66	6.74	9.19	96.3	12.55
4	23	B3P2	D	1.08	73.4	-0.2	10.64	6.74	9.18	96.3	12.54
4	0	B3P2	D	1.12	73.4	-0.2	10.66	6.74	9.22	96.3	12.55
4	1	B3P2	D	1.08	73.4	-0.22	10.68	6.75	9.28	96.3	12.54
4	2	B3P2	D	1.2	73.4	-0.21	10.65	6.74	9.25	96.3	12.58
4	3	B3P2	D	1.21	73.4	-0.21	10.64	6.73	9.27	96.3	12.56
4	4	B3P2	D	1.44	73.63	-0.18	10.56	6.73	9.15	96.3	12.67
4	5	B3P2	D	1.48	73.72	-0.2	10.5	6.72	8.93	96.3	12.72
4	6	B3P2	D	1.47	73.61	-0.22	10.51	6.72	8.98	96.3	12.65
4	7	B3P2	D	1.51	73.5	-0.2	10.51	6.73	9.05	96.33	12.59
4	8	B3P2	D	1.54	73.38	-0.18	10.51	6.72	9.04	96.29	12.54
4	9	B3P2	D	1.52	73.21	-0.21	10.52	6.72	9.06	96.16	12.51
4	10	B3P2	D	1.44	72.91	-0.22	10.53	6.72	9.07	96.01	12.4
4	11	B3P2	D	1.35	72.64	-0.24	10.53	6.71	9.19	96	12.27
4	12	B3P2	D	1.31	72.46	-0.24	10.54	6.71	9.22	95.94	12.19
4	13	B3P2	D	1.31	72.37	-0.25	10.55	6.71	9.2	95.9	12.16
4	14	B3P2	D	1.36	72.24	-0.23	10.58	6.72	9.21	95.84	12.1
4	15	B3P2	D	1.41	72.12	-0.23	10.59	6.71	9.22	95.8	12.06
4	16	B3P2	D	1.43	72.01	-0.25	10.61	6.71	9.22	95.8	12
4	17	B3P2	D	1.4	71.92	-0.23	10.62	6.72	9.22	95.8	11.96
4	18	B3P2	D	1.45	71.81	-0.23	10.63	6.73	9.24	95.8	11.91
4	19	B3P2	D	1.49	71.78	-0.24	10.64	6.73	9.25	95.8	11.88
5	20	B3P2	D	1.62	71.7	-0.19	10.64	6.72	9.26	95.8	11.84
5	21	B3P2	D	1.55	71.68	-0.17	10.63	6.72	9.27	95.81	11.81
5	22	B3P2	D	1.74	71.55	-0.17	10.62	6.72	9.28	95.7	11.79
5	23	B3P2	D	1.68	71.47	-0.2	10.59	6.71	9.29	95.64	11.76
5	0	B3P2	D	1.63	71.32	-0.19	10.57	6.69	9.29	95.56	11.73
5	1	B3P2	D	1.46	71.23	-0.19	10.55	6.68	9.3	95.48	11.7
5	2	B3P2	D	1.58	71.15	-0.17	10.53	6.67	9.31	95.4	11.67
0	20	B3P3	S	0.49	36.13	-0.97	10.92	7.06	1.34	45.95	13.81
0	21	B3P3	S	0.56	36.04	-0.98	10.87	7.02	1.37	45.99	13.71
0	22	B3P3	S	0.65	36.06	-0.96	10.85	7.01	1.36	46	13.73
0	23	B3P3	S	0.64	36.08	-0.97	10.81	6.99	1.36	46	13.72
0	0	B3P3	S	0.7	36.1	-0.97	10.81	6.98	1.38	46	13.71
0	1	B3P3	S	0.61	36.1	-0.97	10.83	6.98	1.4	46	13.77
0	2	B3P3	S	0.65	36.1	-0.99	10.83	6.97	1.44	46	13.75
0	3	B3P3	S	0.63	36.05	-0.95	10.81	6.98	1.43	46	13.71
0	4	B3P3	S	0.6	36.02	-0.97	10.83	6.99	1.47	45.96	13.7
0	5	B3P3	S	0.58	36.16	-0.97	10.76	7.04	1.47	46.12	13.74
0	6	B3P3	S	0.54	36.13	-0.97	10.61	6.98	1.51	46.14	13.65
0	7	B3P3	S	0.45	36.02	-0.98	10.72	6.99	1.51	46.1	13.58
0	8	B3P3	S	0.42	36.02	-0.97	10.72	7.01	1.51	46.1	13.57
0	9	B3P3	S	0.33	36.1	-0.98	10.72	7	1.51	46.1	13.57
0	10	B3P3	S	0.05	36.11	-1.02	10.71	7.03	1.42	46.1	13.64
0	11	B3P3	S	0.16	36.2	-1.01	10.81	7.07	1.37	46.1	13.79
0	12	B3P3	S	0.16	36.2	-0.99	10.77	7.06	1.36	46.1	13.76
0	13	B3P3	S	0.24	36.34	-1.02	10.81	7.1	1.31	46.1	13.91
0	14	B3P3	S	0.25	36.35	-1.02	10.9	7.11	1.35	46.1	13.95
0	15	B3P3	S	0.25	36.45	-1.01	10.9	7.12	1.31	46.1	14.06
0	16	B3P3	S	0.38	36.45	-1	10.88	7.14	1.29	46.1	14.02
0	17	B3P3	S	0.46	36.6	-1.02	10.95	7.24	1.21	46.1	14.2
0	18	B3P3	S	0.53	36.5	-1.01	10.92	7.19	1.26	46.1	14.08
0	19	B3P3	S	0.63	36.5	-0.99	11	7.31	1.23	46.19	14.07
1	20	B3P3	S	0.74	36.5	-0.95	11.03	7.37	1.23	46.2	14.04
1	21	B3P3	S	0.78	36.49	-0.95	11.03	7.39	1.24	46.2	13.96
1	22	B3P3	S	0.85	36.38	-0.94	10.99	7.35	1.27	46.2	13.85
1	23	B3P3	S	0.8	36.3	-0.96	10.95	7.32	1.32	46.26	13.74
1	0	B3P3	S	0.75	36.22	-0.95	10.86	7.24	1.38	46.3	13.62
1	1	B3P3	S	0.78	36.13	-0.93	10.79	7.16	1.41	46.3	13.53
1	2	B3P3	S	0.78	36.03	-0.93	10.78	7.12	1.44	46.21	13.46
1	3	B3P3	S	0.77	36	-0.96	10.75	7.09	1.46	46.2	13.4
1	4	B3P3	S	0.78	35.95	-0.95	10.71	7.06	1.48	46.2	13.36
1	5	B3P3	S	0.59	35.9	-0.96	10.68	7.02	1.53	46.2	13.32
1	6	B3P3	S	0.51	35.8	-0.96	10.73	7.02	1.56	46.14	13.3
1	7	B3P3	S	0.41	35.8	-0.96	10.72	7.02	1.53	46.1	13.3
1	8	B3P3	S	0.26	35.87	-1	10.76	7.04	1.49	46.1	13.33
1	9	B3P3	S	0.16	35.9	-1	10.81	7.03	1.49	46.1	13.4
1	10	B3P3	S	0.21	35.9	-0.98	10.89	7.09	1.43	46.1	13.5
1	11	B3P3	S	0.21	35.91	-0.96	10.86	7.06	1.44	46.1	13.49
1	12	B3P3	S	0.22	36.04	-1	10.9	7.1	1.38	46.1	13.6
1	13	B3P3	S	0.26	36.15	-1.01	10.98	7.18	1.32	46.1	13.75
1	14	B3P3	S	0.39	36.17	-1	10.98	7.18	1.34	46.1	13.74
1	15	B3P3	S	0.61	36.22	-0.95	11.01	7.23	1.33	46.1	13.78
1	16	B3P3	S	0.66	36.1	-0.96	10.97	7.2	1.38	46.1	13.64
1	17	B3P3	S	0.69	36.02	-0.93	10.96	7.22	1.38	46.1	13.58
1	18	B3P3	S	0.77	35.94	-0.93	10.94	7.22	1.39	46.1	13.49
1	19	B3P3	S	0.78	35.83	-0.93	10.9	7.2	1.4	46.06	13.37
2	20	B3P3	S	0.87	35.68	-0.91	10.87	7.18	1.42	46	13.26
2	21	B3P3	S	0.93	35.54	-0.89	10.8	7.13	1.46	46	13.12
2	22	B3P3	S	0.92	35.4	-0.91	10.73	7.07	1.5	45.94	12.98
2	23	B3P3	S	0.98	35.28	-0.92	10.65	7.01	1.54	45.9	12.86
2	0	B3P3	S	0.95	35.14	-0.9	10.57	6.96	1.59	45.9	12.71
2	1	B3P3	S	0.95	35.02	-0.9	10.52	6.92	1.63	45.9	12.59
2	2	B3P3	S	0.93	34.86	-0.88	10.46	6.87	1.66	45.9	12.44
2	3	B3P3	S	0.95	34.73	-0.88	10.41	6.84	1.7	45.8	12.31
2	4	B3P3	S	0.96	34.6	-0.89	10.37	6.81	1.72	45.8	12.2
2	5	B3P3	S	0.89	34.47	-0.89	10.35	6.79	1.74	45.74	12.09
2	6	B3P3	S	0.89	34.4	-0.92	10.36	6.78	1.75	45.7	12.02
2	7	B3P3	S	0.89	34.3	-0.91	10.37	6.78	1.75	45.7	11.96
2	8	B3P3	S	0.83	34.24	-0.95	10.4	6.79	1.74	45.69	11.91
2	9	B3P3	S	0.7	34.2	-0.93	10.44	6.81	1.73	45.6	11.88
2	10	B3P3	S	0.61	34.2	-0.92	10.49	6.82	1.71	45.6	11.86
2	11	B3P3	S	0.42	34.2	-0.94	10.53	6.84	1.69	45.6	11.86
2	12	B3P3	S	0.47	34.2	-0.94	10.64	6.89	1.64	45.55	11.95
2	13	B3P3	S	0.33	34.21	-0.93	10.73	6.93	1.6	45.5	12.01
2	14	B3P3	S	0.39	34.3	-0.92	10.84	6.99	1.56	45.5	12.07
2	15	B3P3	S	0.48	34.3	-0.92	10.87	7.01	1.56	45.54	12.07
2	16	B3P3	S	0.52	34.3	-0.89	10.88	7.02	1.55	45.6	12.06
2	17	B3P3	S	0.61	34.3	-0.89	10.91	7.04	1.54	45.6	12.05
2	18	B3P3	S	0.57	34.3	-0.89	10.98	7.11	1.51	45.6	12.05
2	19	B3P3	S	0.65	34.3	-0.92	10.97	7.1	1.51	45.6	12.02
3	20	B3P3	S	0.79	34.3	-0.91	10.98	7.1	1.52	45.6	11.99
3	21	B3P3	S	0.97	34.3	-0.91	11	7.12	1.52	45.68	11.95
3	22	B3P3	S	1.07	34.2	-0.86	10.98	7.11	1.54	45.7	11.87
3	23	B3P3	S	1.14	34.2	-0.85	10.97	7.09	1.56	45.7	11.82
3	0	B3P3	S	1.12	34.2	-0.86	10.95	7.08	1.57	45.7	11.79
3	1	B3P3	S	1.1	34.14	-0.86	10.91	7.05	1.6	45.71	11.72
3	2	B3P3	S	1.27	34.1	-0.86	10.85	7.02	1.63	45.8	11.66
3	3	B3P3	S	1.13	34.09	-0.86	10.8	6.99	1.65	45.8	11.61
3	4	B3P3	S	1.07	34	-0.85	10.76	6.94	1.69	45.8	11.55
3	5	B3P3	S	0.97	34	-0.88	10.74	6.92	1.7	45.8	11.52
3	6	B3P3	S	0.94	34	-0.9	10.77	6.94	1.68	45.8	11.5
3	7	B3P3	S	0.64	34	-0.93	10.79	6.95	1.67	45.8	11.5
3	8	B3P3	S	0.31	34	-0.93	10.81	6.96	1.63	45.8	11.52
3	9	B3P3	S	0.24	34.06	-0.95	10.84	6.96	1.59	45.8	11.61
3	10	B3P3	S	0.37	34.12	-0.92	10.88	6.99	1.55	45.73	11.7
3	11	B3P3	S	0.26	34.2	-0.94	10.93	7	1.52	45.7	11.83
3	12	B3P3	S	0.08	34.35	-0.96	10.97	7.02	1.48	45.7	11.96
3	13	B3P3	S	0.16	34.46	-0.98	10.97	7	1.48	45.77	12.08
3	14	B3P3	S	0.14	34.6	-0.97	10.97	7	1.42	45.8	12.21
3	15	B3P3	S	0.12	34.62	-0.98	10.97	7.01	1.39	45.8	12.23
3	16	B3P3	S	0.19	34.77	-0.96	10.98	7.03	1.32	45.8	12.42
3	17	B3P3	S	0.19	34.8	-0.94	11.02	7.05	1.32	45.8	12.46
3	18	B3P3	S	0.24	34.95	-0.96	11.04	7.06	1.28	45.8	12.61
3	19	B3P3	S	0.37	34.96	-0.94	11.07	7.09	1.28	45.8	12.62
4	20	B3P3	S	0.61	35	-0.94	11.09	7.1	1.29	45.8	12.64
4	21	B3P3	S	0.74	35	-0.93	11.07	7.09	1.27	45.8	12.67
4	22	B3P3	S	0.87	35	-0.93	11.08	7.09	1.3	45.8	12.65
4	23	B3P3	S	0.94	35	-0.9	11.11	7.11	1.3	45.8	12.64
4	0	B3P3	S	0.89	35	-0.93	11.07	7.08	1.3	45.8	12.64
4	1	B3P3	S	0.83	35	-0.92	11.07	7.07	1.31	45.8	12.67
4	2	B3P3	S	0.93	35	-0.9	11.09	7.07	1.34	45.8	12.64
4	3	B3P3	S	0.96	35	-0.87	11.14	7.18	1.33	45.8	12.7
4	4	B3P3	S	0.88	35	-0.94	11.15	7.18	1.37	45.8	12.62
4	5	B3P3	S	0.85	35	-0.92	11.2	7.21	1.4	45.8	12.6
4	6	B3P3	S	0.81	35	-0.93	11.1	7.07	1.4	45.8	12.61
4	7	B3P3	S	0.82	35	-0.92	11.01	6.96	1.51	45.93	12.59
4	8	B3P3	S	0.86	35	-0.91	11.01	7.05	1.42	45.9	12.61
4	9	B3P3	S	0.81	35	-0.96	11.02	7.02	1.48	45.9	12.55
4	10	B3P3	S	0.79	34.95	-0.92	10.99	7.08	1.38	45.87	12.54
4	11	B3P3	S	0.85	34.85	-0.9	10.98	7.09	1.38	45.8	12.48
4	12	B3P3	S	0.81	34.8	-0.9	11	7.08	1.41	45.8	12.42
4	13	B3P3	S	0.74	34.72	-0.9	11.01	7.09	1.4	45.79	12.4
4	14	B3P3	S	0.91	34.7	-0.91	11.04	7.1	1.42	45.7	12.36
4	15	B3P3	S	0.96	34.7	-0.9	11.05	7.1	1.41	45.7	12.33
4	16	B3P3	S	0.99	34.6	-0.91	11.08	7.11	1.42	45.7	12.31
4	17	B3P3	S	0.97	34.6	-0.92	11.1	7.13	1.42	45.7	12.3
4	18	B3P3	S	1.04	34.6	-0.91	11.13	7.15	1.44	45.7	12.27
4	19	B3P3	S	1.13	34.59	-0.88	11.11	7.12	1.47	45.7	12.22
5	20	B3P3	S	1.21	34.5	-0.86	11.1	7.1	1.5	45.7	12.18
5	21	B3P3	S	1.25	34.5	-0.91	11.08	7.09	1.51	45.7	12.16
5	22	B3P3	S	1.27	34.48	-0.86	11.04	7.05	1.53	45.7	12.13
5	23	B3P3	S	1.3	34.4	-0.85	10.98	7.01	1.56	45.7	12.1
5	0	B3P3	S	1.27	34.4	-0.81	10.9	6.96	1.6	45.7	12.06
5	1	B3P3	S	1.33	34.38	-0.84	10.84	6.92	1.64	45.7	12.03
5	2	B3P3	S	1.34	34.3	-0.85	10.81	6.89	1.66	45.7	12
0	20	ERL122	NF	-0.19	36.4	-0.32	10.19	6.42	0.57	45.14	14.85
0	21	ERL122	NF	-0.16	36.16	-0.33	10.16	6.43	0.57	44.53	15.14
0	22	ERL122	NF	-0.12	36.41	-0.32	10.16	6.43	0.58	45.02	14.98
0	23	ERL122	NF	-0.12	36.35	-0.33	10.12	6.43	0.59	44.93	15
0		ERL122	NF	-0.21	36.1	-0.32	10.12	6.43	0.61	44.7	14.94
0	0	ERL122	NF	-0.13	36.36	-0.35	10.12	6.43	0.61	45.09	14.86
0	1	ERL122	NF	-0.12	36.5	-0.32	10.11	6.43	0.61	45.35	14.79
0	2	ERL122	NF	-0.13	36.63	-0.32	10.08	6.42	0.63	45.62	14.68
0	3	ERL122	NF	-0.14	36.52	-0.31	10.08	6.42	0.63	45.55	14.6
0	4	ERL122	NF	-0.14	36.27	-0.32	10.06	6.41	0.65	45.35	14.52
0	5	ERL122	NF	-0.15	36.26	-0.31	10.05	6.41	0.67	45.38	14.46
0	6	ERL122	NF	-0.16	35.79	-0.32	10.04	6.4	0.68	44.87	14.42
0	7	ERL122	NF	-0.18	35.33	-0.32	10.03	6.4	0.69	44.34	14.37
0	8	ERL122	NF	-0.18	35.57	-0.32	10.03	6.39	0.69	44.65	14.34
0	9	ERL122	NF	-0.19	35.84	-0.31	10.04	6.4	0.69	45.03	14.33
0	10	ERL122	NF	-0.22	35.67	-0.32	10.06	6.4	0.66	44.74	14.37
0	11	ERL122	NF	-0.21	35.14	-0.32	10.07	6.4	0.63	44.01	14.45
0	12	ERL122	NF	-0.22	35.71	-0.32	10.08	6.41	0.61	44.62	14.55
0	13	ERL122	NF	-0.2	34.7	-0.32	10.1	6.41	0.58	43.25	14.66
0	14	ERL122	NF	-0.2	34.93	-0.33	10.12	6.42	0.58	43.47	14.71
0	15	ERL122	NF	-0.19	34.92	-0.32	10.14	6.42	0.56	43.44	14.73
0	16	ERL122	NF	-0.18	34.67	-0.32	10.14	6.43	0.57	43.13	14.73
0	17	ERL122	NF	-0.16	34.99	-0.31	10.15	6.43	0.57	43.57	14.71
0	18	ERL122	NF	-0.14	35.43	-0.34	10.16	6.44	0.58	44.11	14.69
0	19	ERL122	NF	-0.12	36.09	-0.32	10.16	6.45	0.59	44.96	14.67
1	20	ERL122	NF	-0.11	35.75	-0.32	10.16	6.45	0.59	44.59	14.61
1	21	ERL122	NF	-0.09	35.74	-0.32	10.16	6.44	0.59	44.6	14.6
1	22	ERL122	NF	-0.09	35.67	-0.33	10.15	6.44	0.6	44.58	14.54
1	23	ERL122	NF	-0.07	35.93	-0.3	10.14	6.45	0.61	44.97	14.48
1		ERL122	NF	0	36.1	-0.27	10.12	6.45	0.64	45.2	14.47
1	0	ERL122	NF	-0.07	35.83	-0.32	10.13	6.44	0.62	44.87	14.44
1	1	ERL122	NF	-0.08	35.87	-0.32	10.11	6.44	0.63	45	14.38
1	2	ERL122	NF	-0.1	36.05	-0.32	10.09	6.43	0.63	45.23	14.32
1	3	ERL122	NF	-0.09	35.8	-0.31	10.07	6.43	0.64	45.03	14.27
1	4	ERL122	NF	-0.11	35.83	-0.32	10.05	6.42	0.65	45.13	14.21
1	5	ERL122	NF	-0.12	35.73	-0.3	10.04	6.41	0.67	45.06	14.16
1	6	ERL122	NF	-0.15	35.77	-0.31	10.05	6.42	0.66	45.14	14.14
1	7	ERL122	NF	-0.15	35.52	-0.3	10.07	6.42	0.65	44.82	14.14
1	8	ERL122	NF	-0.19	35.45	-0.31	10.08	6.42	0.64	44.69	14.16
1	9	ERL122	NF	-0.2	35.41	-0.31	10.09	6.42	0.62	44.62	14.21
1	10	ERL122	NF	-0.2	35.24	-0.28	10.1	6.42	0.59	44.32	14.28
1	11	ERL122	NF	-0.2	35.6	-0.31	10.12	6.43	0.57	44.7	14.34
1	12	ERL122	NF	-0.21	33.97	-0.31	10.14	6.43	0.56	42.53	14.45
1	13	ERL122	NF	-0.19	34.21	-0.31	10.16	6.44	0.56	42.75	14.53
1	14	ERL122	NF	-0.18	33.73	-0.33	10.17	6.44	0.56	42.11	14.56
1	15	ERL122	NF	-0.15	32.74	-0.3	10.17	6.4	0.56	40.96	14.48
1	16	ERL122	NF	-0.14	32.56	-0.31	10.17	6.38	0.57	40.9	14.34
1	17	ERL122	NF	-0.13	32.44	-0.3	10.16	6.38	0.58	40.84	14.24
1	18	ERL122	NF	-0.12	32.28	-0.31	10.16	6.38	0.59	40.77	14.11
1	19	ERL122	NF	-0.1	32.21	-0.3	10.16	6.38	0.6	40.79	13.98
2	20	ERL122	NF	-0.1	32.12	-0.32	10.17	6.38	0.62	40.9	13.8
2	21	ERL122	NF	-0.09	32	-0.31	10.15	6.38	0.63	40.77	13.71
2	22	ERL122	NF	-0.08	31.82	-0.33	10.14	6.37	0.64	40.73	13.56
2	23	ERL122	NF	-0.09	31.73	-0.33	10.14	6.37	0.66	40.74	13.41
2		ERL122	NF	-0.12	31.7	-0.31	10.13	6.38	0.63	40.8	13.32
2	0	ERL122	NF	-0.09	31.61	-0.33	10.13	6.36	0.68	40.76	13.25
2	1	ERL122	NF	-0.09	31.44	-0.32	10.13	6.35	0.7	40.7	13.08
2	2	ERL122	NF	-0.09	31.36	-0.33	10.13	6.35	0.71	40.77	12.92
2	3	ERL122	NF	-0.1	31.17	-0.33	10.14	6.32	0.72	40.67	12.79
2	4	ERL122	NF	-0.1	31.2	-0.32	10.15	6.34	0.74	40.83	12.65
2	5	ERL122	NF	-0.11	31.23	-0.32	10.16	6.35	0.76	41	12.53
2	6	ERL122	NF	-0.11	31.12	-0.32	10.17	6.35	0.78	40.94	12.43
2	7	ERL122	NF	-0.11	31.17	-0.32	10.19	6.36	0.8	41.1	12.35
2	8	ERL122	NF	-0.13	31.2	-0.31	10.21	6.37	0.82	41.21	12.28
2	9	ERL122	NF	-0.13	31.37	-0.32	10.23	6.38	0.84	41.47	12.24
2	10	ERL122	NF	-0.14	31.38	-0.32	10.25	6.38	0.84	41.52	12.22
2	11	ERL122	NF	-0.17	31.98	-0.32	10.27	6.39	0.84	42.31	12.23
2	12	ERL122	NF	-0.18	31.86	-0.31	10.29	6.4	0.83	42.09	12.28
2	13	ERL122	NF	-0.2	31.77	-0.33	10.31	6.4	0.81	41.92	12.32
2	14	ERL122	NF	-0.18	31.82	-0.32	10.33	6.4	0.8	41.95	12.36
2	15	ERL122	NF	-0.17	31.89	-0.32	10.35	6.41	0.8	42	12.39
2	16	ERL122	NF	-0.15	31.86	-0.31	10.37	6.41	0.81	41.95	12.41
2	17	ERL122	NF	-0.13	32.04	-0.3	10.39	6.42	0.81	42.16	12.43
2	18	ERL122	NF	-0.13	32.07	-0.33	10.4	6.42	0.81	42.2	12.44
2	19	ERL122	NF	-0.11	32.17	-0.3	10.42	6.42	0.82	42.34	12.44
3	20	ERL122	NF	-0.09	32.23	-0.33	10.44	6.43	0.83	42.37	12.46
3	21	ERL122	NF	-0.07	32.39	-0.32	10.44	6.43	0.84	42.66	12.39
3	22	ERL122	NF	-0.03	32.42	-0.31	10.44	6.44	0.85	42.77	12.34
3	23	ERL122	NF	-0.04	32.62	-0.31	10.43	6.43	0.83	43.04	12.33
3		ERL122	NF	0.01	32.8	-0.3	10.43	6.43	0.84	43.3	12.32
3	0	ERL122	NF	-0.04	32.66	-0.32	10.42	6.43	0.86	43.13	12.3
3	1	ERL122	NF	-0.02	32.19	-0.31	10.41	6.42	0.87	42.54	12.24
3	2	ERL122	NF	-0.03	32.43	-0.31	10.39	6.42	0.89	42.94	12.18
3	3	ERL122	NF	-0.04	32.5	-0.33	10.38	6.42	0.9	43.09	12.14
3	4	ERL122	NF	-0.03	32.42	-0.32	10.37	6.41	0.91	43.01	12.1
3	5	ERL122	NF	-0.09	32.41	-0.32	10.34	6.4	0.92	43.04	12.06
3	6	ERL122	NF	-0.13	32.41	-0.32	10.35	6.4	0.95	43.06	12.04
3	7	ERL122	NF	-0.13	32.13	-0.32	10.35	6.4	0.95	42.71	12.04
3	8	ERL122	NF	-0.16	32.01	-0.32	10.36	6.4	0.94	42.53	12.05
3	9	ERL122	NF	-0.2	32.08	-0.32	10.38	6.4	0.91	42.57	12.1
3	10	ERL122	NF	-0.17	31.89	-0.3	10.4	6.41	0.85	42.25	12.16
3	11	ERL122	NF	-0.18	31.84	-0.3	10.42	6.41	0.86	42.11	12.23
3	12	ERL122	NF	-0.24	31.67	-0.31	10.44	6.41	0.82	41.74	12.36
3	13	ERL122	NF	-0.24	31.77	-0.31	10.45	6.41	0.76	41.6	12.62
3	14	ERL122	NF	-0.24	32.18	-0.33	10.46	6.41	0.72	41.92	12.85
3	15	ERL122	NF	-0.22	32.45	-0.34	10.48	6.42	0.7	42.15	12.95
3	16	ERL122	NF	-0.23	32.41	-0.32	10.48	6.42	0.67	41.97	13.08
3	17	ERL122	NF	-0.22	32.63	-0.32	10.47	6.42	0.64	42.12	13.21
3	18	ERL122	NF	-0.2	32.75	-0.31	10.49	6.42	0.63	42.18	13.3
3	19	ERL122	NF	-0.17	32.98	-0.32	10.5	6.43	0.63	42.4	13.36
4	20	ERL122	NF	-0.13	33.12	-0.34	10.49	6.43	0.63	42.6	13.34
4	21	ERL122	NF	-0.13	33.33	-0.34	10.5	6.43	0.64	42.84	13.38
4	22	ERL122	NF	-0.09	33.4	-0.33	10.51	6.43	0.64	42.92	13.38
4	23	ERL122	NF	-0.06	33.33	-0.31	10.51	6.43	0.66	42.87	13.36
4		ERL122	NF	-0.06	33.3	-0.3	10.51	6.43	0.68	42.9	13.32
4	0	ERL122	NF	-0.06	33.22	-0.32	10.5	6.44	0.68	42.64	13.42
4	1	ERL122	NF	-0.06	33.29	-0.33	10.44	6.43	0.66	42.75	13.43
4	2	ERL122	NF	-0.07	33.2	-0.31	10.46	6.42	0.7	42.75	13.3
4	3	ERL122	NF	-0.07	33.04	-0.34	10.38	6.4	0.81	42.58	13.29
4	4	ERL122	NF	-0.08	32.96	-0.32	10.35	6.41	0.78	42.51	13.24
4	5	ERL122	NF	-0.08	33.1	-0.32	10.38	6.41	0.75	42.72	13.21
4	6	ERL122	NF	-0.1	33.07	-0.33	10.38	6.41	0.76	42.73	13.17
4	7	ERL122	NF	-0.11	32.44	-0.31	10.37	6.4	0.76	41.95	13.13
4	8	ERL122	NF	-0.08	32.67	-0.33	10.38	6.41	0.77	42.31	13.06
4	9	ERL122	NF	-0.1	32.84	-0.33	10.37	6.4	0.78	42.56	13.04
4	10	ERL122	NF	-0.11	31.95	-0.33	10.37	6.39	0.78	41.45	13.01
4	11	ERL122	NF	-0.1	31.66	-0.33	10.39	6.39	0.79	41.13	12.95
4	12	ERL122	NF	-0.11	31.84	-0.33	10.39	6.4	0.79	41.43	12.88
4	13	ERL122	NF	-0.09	31.74	-0.33	10.4	6.4	0.79	41.32	12.85
4	14	ERL122	NF	-0.06	31.87	-0.34	10.41	6.4	0.8	41.5	12.84
4	15	ERL122	NF	-0.06	31.9	-0.33	10.42	6.41	0.81	41.59	12.81
4	16	ERL122	NF	-0.05	32.17	-0.34	10.43	6.41	0.82	41.95	12.79
4	17	ERL122	NF	-0.05	31.73	-0.32	10.43	6.41	0.82	41.37	12.78
4	18	ERL122	NF	-0.05	31.39	-0.33	10.44	6.4	0.83	40.98	12.75
4	19	ERL122	NF	-0.03	31.4	-0.34	10.44	6.4	0.85	41.03	12.7
5	20	ERL122	NF	0.01	31.95	-0.33	10.44	6.41	0.85	41.8	12.67
5	21	ERL122	NF	0.03	32.36	-0.32	10.43	6.41	0.85	42.28	12.65
5	22	ERL122	NF	0.05	32.4	-0.32	10.42	6.41	0.85	42.4	12.62
5	23	ERL122	NF	0.04	32.31	-0.32	10.42	6.4	0.85	42.34	12.58
5		ERL122	NF	0.01	32.1	-0.29	10.41	6.4	0.87	42.1	12.57
5	0	ERL122	NF	0.03	32.18	-0.32	10.39	6.39	0.89	42.23	12.54
5	1	ERL122	NF	-0.01	32.27	-0.32	10.38	6.39	0.89	42.37	12.51
5	2	ERL122	NF	0.02	32.24	-0.32	10.37	6.38	0.93	42.36	12.49
0	20	ERL152	NF	-0.27	90.13	-0.73	11.16	9.77	2.97	112.56	14.57
0	21	ERL152	NF	-0.29	90.05	-0.73	11.07	9.76	2.92	112.5	14.54
0	22	ERL152	NF	-0.28	90.06	-0.76	11.07	9.76	2.92	112.56	14.53
0	23	ERL152	NF	-0.24	89.89	-0.75	11.19	9.77	3.03	112.44	14.5
0	0	ERL152	NF	-0.28	89.92	-0.75	11.06	9.74	3	112.49	14.51
0	1	ERL152	NF	-0.28	89.91	-0.76	11.06	9.75	3	112.4	14.53
0	2	ERL152	NF	-0.27	89.91	-0.76	11.08	9.75	3	112.4	14.54
0	3	ERL152	NF	-0.27	89.94	-0.77	11.11	9.76	3.02	112.4	14.51
0	4	ERL152	NF	-0.27	89.91	-0.76	11.06	9.75	3.02	112.4	14.52
0	5	ERL152	NF	-0.28	89.94	-0.76	11.05	9.74	3.07	112.47	14.52
0	6	ERL152	NF	-0.28	90.16	-0.77	11.05	9.74	3.06	112.62	14.55
0	7	ERL152	NF	-0.28	91.01	-0.74	11.15	9.78	2.84	113.17	14.75
0	8	ERL152	NF	-0.29	91.12	-0.78	11.23	9.8	2.92	113.46	14.7
0	9	ERL152	NF	-0.3	91.55	-0.76	11.13	9.78	2.87	114.04	14.68
0	10	ERL152	NF	-0.29	91.64	-0.78	11.07	9.75	2.92	114.1	14.69
0	11	ERL152	NF	-0.29	91.24	-0.77	11.15	9.77	2.88	113.41	14.77
0	12	ERL152	NF	-0.29	91.6	-0.77	11.14	9.79	2.71	113.44	14.92
0	13	ERL152	NF	-0.29	91.47	-0.77	11.14	9.77	2.83	113.41	14.87
0	14	ERL152	NF	-0.3	91.19	-0.77	11.16	9.77	2.89	113.13	14.85
0	15	ERL152	NF	-0.3	91.42	-0.76	11.24	9.8	2.85	113.23	14.91
0	16	ERL152	NF	-0.3	91.61	-0.75	11.21	9.79	2.81	113.35	14.96
0	17	ERL152	NF	-0.28	91.6	-0.75	11.23	9.79	2.84	113.32	14.97
0	18	ERL152	NF	-0.27	91.68	-0.75	11.25	9.8	2.79	113.28	15.02
0	19	ERL152	NF	-0.28	91.83	-0.77	11.24	9.8	2.78	113.36	15.06
1	20	ERL152	NF	-0.28	91.79	-0.76	11.25	9.81	2.82	113.38	15.03
1	21	ERL152	NF	-0.26	91.99	-0.77	11.32	9.79	2.91	113.76	14.98
1	22	ERL152	NF	-0.26	92.26	-0.76	11.34	9.78	2.98	114.13	14.97
1	23	ERL152	NF	-0.26	92.3	-0.75	11.57	9.86	2.71	113.95	15.05
1		ERL152	NF	-0.25	92.5	-0.78	11.39	9.78	2.9	114.5	14.95
1	0	ERL152	NF	-0.25	92.11	-0.76	11.57	9.88	2.72	113.9	14.99
1	1	ERL152	NF	-0.25	92.12	-0.73	11.68	9.9	2.66	113.94	14.97
1	2	ERL152	NF	-0.21	91.83	-0.7	11.64	9.9	2.68	113.77	14.91
1	3	ERL152	NF	-0.19	91.66	-0.69	11.64	9.9	2.69	113.67	14.86
1	4	ERL152	NF	-0.24	91.43	-0.74	11.54	9.88	2.73	113.68	14.75
1	5	ERL152	NF	-0.2	91.33	-0.75	11.57	9.89	2.73	113.65	14.72
1	6	ERL152	NF	-0.09	91.3	-0.73	11.56	9.88	2.71	113.62	14.68
1	7	ERL152	NF	-0.04	91.23	-0.73	11.57	9.88	2.67	113.66	14.67
1	8	ERL152	NF	-0.17	91.33	-0.74	11.57	9.88	2.64	113.7	14.71
1	9	ERL152	NF	-0.27	91.35	-0.75	11.55	9.87	2.73	113.7	14.71
1	10	ERL152	NF	-0.28	91.39	-0.75	11.56	9.88	2.76	113.7	14.74
1	11	ERL152	NF	-0.28	91.55	-0.77	11.59	9.88	2.69	113.7	14.82
1	12	ERL152	NF	-0.1	92.03	-0.73	11.73	9.91	2.57	113.71	15.03
1	13	ERL152	NF	-0.09	92.64	-0.75	11.99	9.95	2.54	113.9	15.23
1	14	ERL152	NF	-0.18	92.67	-0.76	12.11	9.96	2.62	113.91	15.23
1	15	ERL152	NF	0.1	92.73	-0.73	12.06	9.98	2.6	113.92	15.26
1	16	ERL152	NF	-0.04	92.13	-0.75	11.84	9.97	2.68	113.72	15.06
1	17	ERL152	NF	-0.05	91.71	-0.74	11.7	9.95	2.75	113.58	14.92
1	19	ERL152	NF	-0.07	90.69	-0.74	11.39	9.92	2.93	113.29	14.55
2	20	ERL152	NF	-0.05	90.21	-0.74	11.27	9.91	2.97	113.11	14.4
2	21	ERL152	NF	-0.07	89.73	-0.72	11.17	9.9	3	112.91	14.25
2	22	ERL152	NF	-0.11	89.23	-0.72	11.04	9.89	3.03	112.75	14.08
2	23	ERL152	NF	0.02	88.81	-0.73	10.93	9.88	3.06	112.64	13.92
2		ERL152	NF	-0.2	88.6	-0.71	10.89	9.88	3.12	112.6	13.86
2	0	ERL152	NF	-0.01	88.41	-0.72	10.84	9.87	3.09	112.55	13.78
2	1	ERL152	NF	-0.06	87.87	-0.72	10.73	9.85	3.13	112.43	13.57
2	2	ERL152	NF	-0.05	87.39	-0.73	10.64	9.83	3.17	112.3	13.38
2	3	ERL152	NF	0	86.85	-0.72	10.54	9.81	3.21	112.19	13.18
2	4	ERL152	NF	-0.18	86.33	-0.73	10.46	9.79	3.23	112.05	12.98
2	5	ERL152	NF	-0.17	85.95	-0.73	10.41	9.77	3.24	111.96	12.84
2	6	ERL152	NF	-0.19	85.67	-0.74	10.37	9.75	3.25	111.9	12.73
2	7	ERL152	NF	-0.13	85.38	-0.71	10.34	9.74	3.25	111.84	12.61
2	8	ERL152	NF	-0.17	85.23	-0.72	10.33	9.74	3.23	111.8	12.55
2	9	ERL152	NF	-0.22	85.2	-0.71	10.34	9.73	3.2	111.9	12.52
2	10	ERL152	NF	-0.23	85.22	-0.71	10.35	9.73	3.16	111.9	12.52
2	11	ERL152	NF	-0.23	85.27	-0.76	10.35	9.73	3.13	111.9	12.54
3	3	ERL152	NF	-0.2	85.52	-0.73	11.02	9.83	3.15	112.1	12.58
3	4	ERL152	NF	-0.22	85.5	-0.74	11.01	9.83	3.15	112.11	12.55
3	5	ERL152	NF	-0.23	85.5	-0.71	10.99	9.83	3.16	112.24	12.5
3	6	ERL152	NF	-0.23	85.5	-0.74	10.98	9.83	3.15	112.3	12.49
3	7	ERL152	NF	-0.2	85.5	-0.72	10.96	9.82	3.15	112.33	12.48
3	8	ERL152	NF	-0.23	85.41	-0.71	10.98	9.83	3.18	112.27	12.47
3	9	ERL152	NF	-0.2	85.37	-0.73	11.09	9.84	3.13	112.12	12.5
3	10	ERL152	NF	-0.23	85.45	-0.74	11.08	9.84	3.08	112.17	12.54
3	11	ERL152	NF	-0.26	85.62	-0.73	11.19	9.86	3.06	112.21	12.6
3	12	ERL152	NF	-0.26	85.8	-0.73	11.37	9.89	3.03	112.18	12.69
3	13	ERL152	NF	-0.23	86.24	-0.72	11.46	9.89	2.99	112.28	12.85
3	14	ERL152	NF	-0.24	86.86	-0.73	11.71	9.94	2.88	112.4	13.1
3	15	ERL152	NF	-0.29	87.21	-0.74	11.79	9.95	2.88	112.48	13.24
3	16	ERL152	NF	-0.25	86.92	-0.75	11.64	9.92	3.02	112.34	13.16
3	17	ERL152	NF	-0.27	87.48	-0.74	11.52	9.9	2.89	112.61	13.32
3	18	ERL152	NF	-0.28	87.58	-0.74	11.52	9.9	2.88	112.62	13.36
3	19	ERL152	NF	-0.26	87.58	-0.74	11.51	9.9	2.91	112.62	13.35
3	20	ERL152	NF	-0.28	87.8	-0.75	11.57	9.92	2.87	112.6	13.48
4	20	ERL152	NF	-0.28	87.79	-0.74	11.52	9.9	2.89	112.75	13.4
4	22	ERL152	NF	-0.24	87.68	-0.73	11.63	9.91	2.94	112.67	13.39
4	23	ERL152	NF	-0.25	87.6	-0.74	11.78	9.94	2.97	112.57	13.39
4		ERL152	NF	-0.25	87.6	-0.68	11.78	9.93	2.91		13.4
4	0	ERL152	NF	-0.23	87.54	-0.75	11.81	9.95	3.01	112.6	13.37
4	1	ERL152	NF	-0.24	87.6	-0.74	11.74	9.93	3.02	112.59	13.39
4	2	ERL152	NF	-0.26	87.56	-0.75	11.8	9.95	3.02	112.55	13.38
4	3	ERL152	NF	-0.25	87.6	-0.74	11.65	9.92	3.02	112.58	13.38
4	4	ERL152	NF	-0.25	87.64	-0.72	11.69	9.93	3.01	112.58	13.41
4	5	ERL152	NF	-0.26	87.9	-0.73	11.74	9.92	3.08	112.93	13.4
4	6	ERL152	NF	-0.26	87.64	-0.75	11.75	9.94	3.05	112.69	13.35
4	8	ERL152	NF	-0.27	87.86	-0.76	11.74	9.94	3.06	112.83	13.42
4	9	ERL152	NF	-0.27	87.97	-0.74	11.74	9.93	3.07	112.84	13.44
4	10	ERL152	NF	0	88.77	-0.73	11.42	9.89	2.58	112.86	13.81
4	11	ERL152	NF	0.14	88.49	-0.73	11.45	9.9	2.57	112.69	13.76
4	12	ERL152	NF	0.23	88.37	-0.72	11.47	9.91	2.6	112.63	13.73
4	13	ERL152	NF	-0.04	88.12	-0.72	11.43	9.91	2.67	112.57	13.64
4	14	ERL152	NF	-0.12	88.11	-0.74	11.45	9.92	2.71	112.6	13.62
4	15	ERL152	NF	-0.05	88.03	-0.71	11.46	9.92	2.72	112.53	13.6
4	16	ERL152	NF	-0.19	87.92	-0.72	11.47	9.91	2.73	112.43	13.57
4	17	ERL152	NF	-0.15	87.9	-0.72	11.48	9.92	2.72	112.4	13.57
4	18	ERL152	NF	-0.01	87.9	-0.71	11.49	9.92	2.72	112.42	13.55
4	19	ERL152	NF	0.72	87.9	-0.67	11.54	9.93	2.67	112.6	13.52
5	20	ERL152	NF	-0.04	87.78	-0.71	11.53	9.92	2.75	112.55	13.48
5	1	ERL152	NF	-0.2	87	-0.67	11.42	9.91	2.89	112.11	13.27
5	2	ERL152	NF	-0.17	86.99	-0.71	11.36	9.9	2.88	112.17	13.24
0	20	ERL85	NF	-0.53	134.4	-2.33	11.77	9.09	-0.17	165	15.29
0	21	ERL85	NF	-0.54	134.57	-2.35	11.79	9.1	-0.17	164.98	15.34
0	22	ERL85	NF	-0.51	134.67	-2.36	11.87	9.12	-0.16	164.89	15.4
0	23	ERL85	NF	-0.5	134.24	-2.34	12.19	9.15	-0.15	164.75	15.31
0		ERL85	NF	-0.52	134.2	-2.31	12.38	9.17	-0.12	164.7	15.3
0	0	ERL85	NF	-0.51	134.12	-2.36	12.4	9.17	-0.14	164.7	15.28
0	1	ERL85	NF	-0.49	133.76	-2.32	12.26	9.16	-0.13	164.67	15.17
0	2	ERL85	NF	-0.49	133.33	-2.32	12.28	9.17	-0.12	164.58	15.05
0	3	ERL85	NF	-0.51	133.03	-2.32	12.19	9.16	-0.12	164.56	14.97
0	4	ERL85	NF	-0.52	132.61	-2.33	12.23	9.16	-0.12	164.32	14.9
0	5	ERL85	NF	-0.52	132.26	-2.32	12.21	9.15	-0.11	164.09	14.85
0	6	ERL85	NF	-0.52	132.16	-2.33	12.14	9.14	-0.1	164.07	14.81
0	7	ERL85	NF	-0.51	131.94	-2.31	12.16	9.14	-0.11	163.95	14.78
0	8	ERL85	NF	-0.52	131.81	-2.31	12.14	9.14	-0.11	163.93	14.74
0	9	ERL85	NF	-0.51	131.8	-2.32	12.16	9.14	-0.11	163.84	14.74
0	10	ERL85	NF	-0.52	131.8	-2.32	12.31	9.16	-0.11	163.76	14.77
0	11	ERL85	NF	-0.52	132.05	-2.33	12.45	9.18	-0.09	163.98	14.81
0	12	ERL85	NF	-0.52	132.42	-2.34	12.36	9.17	-0.12	164.08	14.89
0	13	ERL85	NF	-0.51	132.97	-2.33	11.99	9.13	-0.15	164.28	15.02
0	14	ERL85	NF	-0.51	132.88	-2.32	12.1	9.15	-0.14	164.3	15.01
0	15	ERL85	NF	-0.51	133.08	-2.35	12.03	9.14	-0.15	164.3	15.06
0	16	ERL85	NF	-0.52	133.1	-2.33	11.98	9.14	-0.15	164.3	15.05
0	17	ERL85	NF	-0.51	133.1	-2.32	11.96	9.14	-0.16	164.3	15.05
0	18	ERL85	NF	-0.51	133.08	-2.34	11.96	9.14	-0.16	164.3	15.05
0	19	ERL85	NF	-0.52	132.93	-2.33	11.98	9.14	-0.15	164.3	15.01
1	20	ERL85	NF	-0.49	132.72	-2.32	12.04	9.16	-0.14	164.18	14.97
1	21	ERL85	NF	-0.52	132.63	-2.32	12.07	9.16	-0.15	164.15	14.95
1	22	ERL85	NF	-0.46	132.52	-2.32	12.1	9.16	-0.13	164.1	14.92
1	23	ERL85	NF	-0.49	132.32	-2.32	12.13	9.17	-0.12	164.09	14.86
1		ERL85	NF	-0.46	132.2	-2.36	12.09	9.16	-0.12	164	14.86
1	0	ERL85	NF	-0.48	132.16	-2.3	12.1	9.16	-0.12	164.02	14.84
1	1	ERL85	NF	-0.48	132.05	-2.31	12.07	9.16	-0.12	164	14.81
1	2	ERL85	NF	-0.49	131.93	-2.31	12.01	9.15	-0.12	163.93	14.77
1	3	ERL85	NF	-0.48	131.82	-2.3	11.98	9.15	-0.11	163.9	14.75
1	4	ERL85	NF	-0.5	131.75	-2.31	11.95	9.14	-0.1	163.9	14.72
1	5	ERL85	NF	-0.52	131.65	-2.31	11.92	9.14	-0.1	163.9	14.69
1	6	ERL85	NF	-0.52	131.55	-2.31	11.96	9.14	-0.1	163.88	14.68
1	7	ERL85	NF	-0.5	131.5	-2.32	12.03	9.15	-0.1	163.8	14.67
1	8	ERL85	NF	-0.5	131.5	-2.29	12.08	9.15	-0.11	163.8	14.68
1	9	ERL85	NF	-0.52	131.55	-2.32	12.11	9.16	-0.12	163.8	14.72
1	10	ERL85	NF	-0.53	131.78	-2.32	12.11	9.16	-0.12	163.8	14.77
1	11	ERL85	NF	-0.52	131.92	-2.31	12.2	9.17	-0.13	163.8	14.82
1	12	ERL85	NF	-0.51	132.12	-2.32	12.41	9.2	-0.12	163.76	14.88
1	13	ERL85	NF	-0.51	132.16	-2.32	12.51	9.22	-0.13	163.64	14.93
1	14	ERL85	NF	-0.51	132.09	-2.34	12.64	9.24	-0.13	163.56	14.93
1	15	ERL85	NF	-0.51	131.91	-2.33	12.5	9.22	-0.12	163.51	14.88
1	16	ERL85	NF	-0.49	131.67	-2.3	12.02	9.17	-0.1	163.67	14.77
1	17	ERL85	NF	-0.49	131.36	-2.3	11.93	9.17	-0.1	163.59	14.69
1	18	ERL85	NF	-0.47	131.01	-2.28	11.83	9.17	-0.09	163.52	14.59
1	19	ERL85	NF	-0.47	130.62	-2.28	11.71	9.16	-0.08	163.42	14.49
2	20	ERL85	NF	-0.45	130.05	-2.25	11.57	9.15	-0.07	163.26	14.35
2	21	ERL85	NF	-0.47	129.74	-2.27	11.46	9.14	-0.06	163.15	14.28
2	22	ERL85	NF	-0.46	129.36	-2.24	11.33	9.13	-0.05	163.1	14.17
2	23	ERL85	NF	-0.48	128.97	-2.24	11.2	9.11	-0.05	163.1	14.05
2		ERL85	NF	-0.46	128.8	-2.25	11.14	9.11	-0.08	163.1	13.99
2	0	ERL85	NF	-0.47	128.7	-2.22	11.09	9.1	-0.04	163.1	13.96
2	1	ERL85	NF	-0.47	128.41	-2.21	10.99	9.09	-0.04	163.1	13.86
2	2	ERL85	NF	-0.49	128	-2.22	10.89	9.06	-0.02	163.1	13.73
2	3	ERL85	NF	-0.47	127.57	-2.19	10.79	9.05	-0.01	163.1	13.61
2	4	ERL85	NF	-0.48	127.3	-2.21	10.71	9.04	-0.02	163	13.52
2	5	ERL85	NF	-0.49	127.09	-2.21	10.65	9.03	-0.02	163	13.46
2	6	ERL85	NF	-0.49	126.87	-2.19	10.62	9.01	-0.02	162.95	13.4
2	7	ERL85	NF	-0.5	126.63	-2.19	10.6	9.01	-0.01	162.9	13.33
2	8	ERL85	NF	-0.5	126.48	-2.21	10.58	9	-0.01	162.85	13.3
2	9	ERL85	NF	-0.49	126.36	-2.19	10.6	9	-0.01	162.76	13.29
2	10	ERL85	NF	-0.49	126.3	-2.19	10.64	9.01	-0.02	162.7	13.29
2	11	ERL85	NF	-0.49	126.3	-2.21	10.73	9.02	-0.03	162.62	13.31
2	12	ERL85	NF	-0.5	126.3	-2.21	10.82	9.04	-0.04	162.51	13.34
2	13	ERL85	NF	-0.52	126.3	-2.2	10.99	9.07	-0.03	162.4	13.37
2	14	ERL85	NF	-0.51	126.4	-2.22	11.07	9.08	-0.04	162.4	13.4
2	15	ERL85	NF	-0.51	126.4	-2.22	11.2	9.1	-0.04	162.3	13.43
2	16	ERL85	NF	-0.51	126.4	-2.21	11.2	9.11	-0.05	162.3	13.43
2	17	ERL85	NF	-0.49	126.32	-2.21	11.21	9.11	-0.05	162.24	13.41
2	18	ERL85	NF	-0.5	126.3	-2.22	11.3	9.12	-0.05	162.11	13.43
2	19	ERL85	NF	-0.51	126.25	-2.22	11.3	9.12	-0.05	162.09	13.42
3	20	ERL85	NF	-0.5	126.21	-2.2	11.36	9.13	-0.05	162.01	13.43
3	21	ERL85	NF	-0.49	125.98	-2.21	11.31	9.12	-0.04	162	13.36
3	22	ERL85	NF	-0.48	125.86	-2.2	11.2	9.1	-0.04	162	13.32
3	23	ERL85	NF	-0.46	125.79	-2.2	11.15	9.1	-0.04	162	13.29
3		ERL85	NF	-0.45	125.8	-2.17	11.17	9.1	-0.04	162	13.28
3	0	ERL85	NF	-0.47	125.66	-2.19	11.14	9.09	-0.03	162	13.26
3	1	ERL85	NF	-0.47	125.6	-2.2	11.09	9.09	-0.03	162	13.24
3	2	ERL85	NF	-0.47	125.6	-2.2	10.99	9.07	-0.02	162.12	13.2
3	3	ERL85	NF	-0.46	125.6	-2.2	10.93	9.05	-0.01	162.2	13.19
3	4	ERL85	NF	-0.48	125.6	-2.19	10.89	9.05	-0.01	162.2	13.18
3	5	ERL85	NF	-0.5	125.53	-2.19	10.86	9.04	0	162.2	13.15
3	6	ERL85	NF	-0.5	125.39	-2.19	10.87	9.04	0	162.2	13.11
3	7	ERL85	NF	-0.5	125.3	-2.19	10.89	9.04	0	162.2	13.09
3	8	ERL85	NF	-0.5	125.34	-2.19	10.9	9.05	-0.01	162.2	13.11
3	9	ERL85	NF	-0.51	125.49	-2.2	10.93	9.05	-0.02	162.2	13.16
3	10	ERL85	NF	-0.51	125.44	-2.2	11.01	9.06	-0.02	162.1	13.16
3	11	ERL85	NF	-0.51	125.58	-2.2	11.1	9.08	-0.03	162.01	13.22
3	12	ERL85	NF	-0.53	125.9	-2.21	11.19	9.09	-0.05	162	13.34
3	13	ERL85	NF	-0.52	126.34	-2.22	11.24	9.1	-0.06	162.01	13.47
3	14	ERL85	NF	-0.53	127.3	-2.23	11.21	9.09	-0.09	162.2	13.74
3	15	ERL85	NF	-0.53	127.91	-2.23	11.37	9.11	-0.1	162.18	13.94
3	16	ERL85	NF	-0.52	128.33	-2.25	11.47	9.12	-0.11	162.17	14.08
3	17	ERL85	NF	-0.51	128.62	-2.25	11.61	9.14	-0.12	162.2	14.16
3	18	ERL85	NF	-0.51	128.79	-2.26	11.67	9.15	-0.11	162.17	14.22
3	19	ERL85	NF	-0.5	128.83	-2.26	11.81	9.16	-0.11	162.21	14.23
4	20	ERL85	NF	-0.5	128.34	-2.26	11.85	9.17	-0.1	161.98	14.12
4	21	ERL85	NF	-0.5	128.61	-2.25	11.52	9.13	-0.12	162.22	14.15
4	22	ERL85	NF	-0.5	128.48	-2.25	11.54	9.14	-0.11	162.23	14.12
4	23	ERL85	NF	-0.49	128.35	-2.24	11.61	9.15	-0.1	162.2	14.09
4		ERL85	NF	-0.45	128.7	-2.22	11.49	9.13	-0.11	162.2	14.19
4	0	ERL85	NF	-0.48	128.31	-2.25	11.48	9.12	-0.1	162.21	14.06
4	1	ERL85	NF	-0.49	128.1	-2.24	11.53	9.14	-0.1	162.11	14.02
4	2	ERL85	NF	-0.48	127.92	-2.23	11.8	9.18	-0.08	161.95	14
4	3	ERL85	NF	-0.48	127.66	-2.23	11.92	9.2	-0.07	161.91	13.93
4	4	ERL85	NF	-0.49	127.51	-2.24	11.9	9.2	-0.06	161.87	13.89
4	5	ERL85	NF	-0.5	127.19	-2.23	12.08	9.22	-0.05	161.65	13.84
4	6	ERL85	NF	-0.5	126.96	-2.23	12.12	9.23	-0.05	161.5	13.81
4	7	ERL85	NF	-0.51	126.97	-2.23	11.95	9.2	-0.05	161.57	13.78
4	8	ERL85	NF	-0.5	126.77	-2.23	11.85	9.18	-0.06	161.41	13.77
4	9	ERL85	NF	-0.5	126.47	-2.23	11.86	9.18	-0.06	161.11	13.74
4	10	ERL85	NF	-0.5	126.32	-2.23	11.8	9.16	-0.06	161.1	13.71
4	11	ERL85	NF	-0.5	126.24	-2.22	11.67	9.15	-0.06	161.09	13.68
4	12	ERL85	NF	-0.5	126.2	-2.22	11.58	9.14	-0.06	161.13	13.64
4	13	ERL85	NF	-0.5	126.18	-2.22	11.49	9.13	-0.06	161.27	13.6
4	14	ERL85	NF	-0.5	126.05	-2.22	11.52	9.14	-0.05	161.21	13.58
4	15	ERL85	NF	-0.51	125.82	-2.22	11.58	9.15	-0.05	160.97	13.57
4	16	ERL85	NF	-0.49	125.74	-2.21	11.59	9.15	-0.05	160.89	13.56
4	17	ERL85	NF	-0.49	125.66	-2.22	11.58	9.15	-0.05	160.8	13.56
4	18	ERL85	NF	-0.49	125.56	-2.22	11.6	9.15	-0.05	160.72	13.54
4	19	ERL85	NF	-0.49	125.46	-2.21	11.6	9.15	-0.05	160.7	13.52
5	20	ERL85	NF	-0.48	125.39	-2.21	11.59	9.15	-0.04	160.69	13.5
5	21	ERL85	NF	-0.46	125.4	-2.21	11.56	9.15	-0.04	160.64	13.48
5	22	ERL85	NF	-0.45	125.4	-2.2	11.54	9.14	-0.03	160.86	13.46
5	23	ERL85	NF	-0.46	124.81	-2.19	11.52	9.14	-0.02	160.3	13.41
5		ERL85	NF	-0.46	123.5	-2.2	11.5	9.13	-0.02	158.7	13.39
5	0	ERL85	NF	-0.46	123.5	-2.2	11.45	9.13	-0.02	158.69	13.39
5	1	ERL85	NF	-0.46	123.49	-2.2	11.41	9.12	-0.02	158.75	13.37
5	2	ERL85	NF	-0.46	123.58	-2.19	11.35	9.11	-0.02	158.93	13.35
