Date_time	Pond	Day	Depth_m	Chlorophyll_RFU	Cond_uScm	SpCond_uScm	fDOM_RFU	ODO_mgL	ODO_sat	BGAPC_RFU	pH	Temp_C
2021-09-10T15:35:58Z	B1P1	Sept10	0.914	0.71	43.3	58.4	1.34	10.83	99.3	-0.81	7.66	11.463
2021-09-10T15:35:59Z	B1P1	Sept10	0.939	0.72	43	58	1.33	10.84	99.4	-0.97	7.65	11.464
2021-09-10T15:36:00Z	B1P1	Sept10	0.972	0.64	42.9	57.9	1.33	10.84	99.4	-0.87	7.65	11.464
2021-09-10T15:36:01Z	B1P1	Sept10	1.032	0.65	42.8	57.7	1.34	10.84	99.3	-0.74	7.65	11.462
2021-09-10T15:36:02Z	B1P1	Sept10	1.092	0.71	42.8	57.7	1.35	10.83	99.3	-0.75	7.65	11.456
2021-09-10T15:36:03Z	B1P1	Sept10	1.174	0.76	42.8	57.7	1.36	10.83	99.3	-0.94	7.65	11.452
2021-09-10T15:36:04Z	B1P1	Sept10	1.25	0.88	42.8	57.7	1.35	10.83	99.3	-0.91	7.65	11.451
2021-09-10T15:36:05Z	B1P1	Sept10	1.272	0.83	42.7	57.6	1.38	10.83	99.3	-0.8	7.65	11.453
2021-09-10T15:36:06Z	B1P1	Sept10	1.316	0.81	42.6	57.5	1.35	10.83	99.2	-0.83	7.65	11.455
2021-09-10T15:36:07Z	B1P1	Sept10	1.385	1.05	42.6	57.5	1.33	10.83	99.2	-0.93	7.65	11.452
2021-09-10T15:36:08Z	B1P1	Sept10	1.466	0.98	42.6	57.4	1.35	10.83	99.2	-0.87	7.65	11.449
2021-09-10T15:36:09Z	B1P1	Sept10	1.549	0.77	42.6	57.4	1.33	10.83	99.2	-0.7	7.65	11.449
2021-09-10T15:36:10Z	B1P1	Sept10	1.6	0.83	42.5	57.4	1.34	10.83	99.2	-0.67	7.65	11.449
2021-09-10T15:36:11Z	B1P1	Sept10	1.68	0.85	42.5	57.3	1.37	10.83	99.2	-0.79	7.65	11.449
2021-09-10T15:36:12Z	B1P1	Sept10	1.761	0.8	42.5	57.3	1.38	10.82	99.2	-0.87	7.65	11.45
2021-09-10T15:36:16Z	B1P1	Sept10	1.847	0.89	42.5	57.4	1.36	10.82	99.2	-0.92	7.65	11.448
2021-09-10T15:36:17Z	B1P1	Sept10	1.849	0.91	42.6	57.4	1.37	10.82	99.1	-0.93	7.65	11.441
2021-09-10T15:36:15Z	B1P1	Sept10	1.851	0.93	42.6	57.4	1.36	10.82	99.2	-0.74	7.65	11.451
2021-09-10T15:36:13Z	B1P1	Sept10	1.854	0.91	42.5	57.3	1.36	10.82	99.2	-0.69	7.65	11.45
2021-09-10T15:36:18Z	B1P1	Sept10	1.865	0.88	42.6	57.4	1.34	10.82	99.1	-0.64	7.65	11.441
2021-09-10T15:36:14Z	B1P1	Sept10	1.87	1	42.6	57.4	1.36	10.82	99.2	-0.61	7.65	11.45
2021-09-10T15:36:19Z	B1P1	Sept10	1.896	0.85	42.5	57.4	1.34	10.82	99.2	-0.63	7.65	11.441
2021-09-10T15:36:20Z	B1P1	Sept10	1.956	0.89	42.5	57.4	1.35	10.82	99.2	-0.8	7.65	11.439
2021-09-10T15:36:21Z	B1P1	Sept10	2.027	0.89	42.4	57.3	1.35	10.82	99.2	-0.89	7.65	11.438
2021-09-10T15:36:22Z	B1P1	Sept10	2.063	0.86	42.4	57.2	1.35	10.82	99.1	-0.97	7.65	11.439
2021-09-10T15:36:23Z	B1P1	Sept10	2.09	0.94	42.4	57.3	1.34	10.82	99.1	-0.86	7.65	11.439
2021-09-10T15:36:24Z	B1P1	Sept10	2.137	0.97	42.5	57.3	1.36	10.82	99.1	-0.68	7.65	11.437
2021-09-10T15:36:25Z	B1P1	Sept10	2.214	0.85	42.5	57.4	1.36	10.81	99.1	-0.63	7.65	11.432
2021-09-10T15:36:26Z	B1P1	Sept10	2.369	0.81	42.5	57.3	1.37	10.81	99.1	-0.72	7.65	11.428
2021-09-10T15:36:27Z	B1P1	Sept10	2.453	0.85	42.5	57.3	1.39	10.81	99.1	-0.91	7.64	11.424
2021-09-10T15:36:28Z	B1P1	Sept10	2.467	0.75	42.5	57.4	1.36	10.82	99.1	-0.98	7.64	11.425
2021-09-10T15:36:29Z	B1P1	Sept10	2.518	0.72	42.5	57.4	1.38	10.81	99	-0.94	7.64	11.426
2021-09-10T15:36:30Z	B1P1	Sept10	2.64	0.82	42.5	57.4	1.38	10.81	99.1	-0.78	7.64	11.42
2021-09-10T15:36:33Z	B1P1	Sept10	2.689	0.78	42.5	57.3	1.36	10.82	99	-0.76	7.64	11.418
2021-09-10T15:36:32Z	B1P1	Sept10	2.7	0.77	42.5	57.3	1.34	10.82	99	-0.72	7.64	11.417
2021-09-10T15:36:31Z	B1P1	Sept10	2.701	0.78	42.5	57.3	1.35	10.81	99	-0.71	7.64	11.416
2021-09-10T15:36:34Z	B1P1	Sept10	2.717	0.86	42.4	57.2	1.36	10.81	99	-0.89	7.64	11.417
2021-09-10T15:36:35Z	B1P1	Sept10	2.759	0.98	42.4	57.2	1.39	10.81	99	-0.91	7.64	11.415
2021-09-10T15:36:36Z	B1P1	Sept10	2.828	0.85	42.4	57.3	1.39	10.81	99	-0.94	7.64	11.406
2021-09-10T15:36:37Z	B1P1	Sept10	2.874	0.89	42.4	57.3	1.38	10.81	98.9	-0.88	7.64	11.393
2021-09-10T15:36:38Z	B1P1	Sept10	2.936	0.99	42.4	57.3	1.41	10.8	98.9	-0.72	7.64	11.378
2021-09-10T15:36:39Z	B1P1	Sept10	3.026	1.07	42.4	57.3	1.4	10.8	98.8	-0.61	7.64	11.372
2021-09-10T15:36:40Z	B1P1	Sept10	3.08	1.1	42.4	57.3	1.41	10.8	98.8	-0.58	7.64	11.37
2021-09-10T15:36:41Z	B1P1	Sept10	3.127	0.86	42.4	57.3	1.42	10.8	98.8	-0.62	7.64	11.367
2021-09-10T15:36:42Z	B1P1	Sept10	3.14	0.76	42.4	57.3	1.39	10.8	98.8	-0.77	7.64	11.366
2021-09-10T15:36:43Z	B1P1	Sept10	3.163	0.84	42.4	57.3	1.36	10.8	98.8	-1	7.64	11.366
2021-09-21T11:41:10Z	B1P2	Sept21	0.328	0.1	27.3	42.6	5.26	11.35	91.6	-0.88	7.74	6.181
2021-09-21T11:41:12Z	B1P2	Sept21	0.347	0.1	27.3	42.6	5.27	11.35	91.6	-0.89	7.68	6.18
2021-09-21T11:41:14Z	B1P2	Sept21	0.364	0.1	27.3	42.6	5.27	11.34	91.6	-0.91	7.68	6.179
2021-09-21T11:41:16Z	B1P2	Sept21	0.383	0.1	27.2	42.5	5.27	11.34	91.5	-0.9	7.68	6.176
2021-09-21T11:41:18Z	B1P2	Sept21	0.393	0.09	27.2	42.5	5.28	11.34	91.5	-0.91	7.68	6.172
2021-09-21T11:41:20Z	B1P2	Sept21	0.405	0.08	27.2	42.5	5.29	11.34	91.5	-0.93	7.67	6.167
2021-09-21T11:41:22Z	B1P2	Sept21	0.412	0.07	27.2	42.4	5.29	11.34	91.5	-0.92	7.66	6.16
2021-09-21T11:41:24Z	B1P2	Sept21	0.416	0.06	27.1	42.4	5.3	11.34	91.4	-0.92	7.64	6.154
2021-09-21T11:41:26Z	B1P2	Sept21	0.42	0.06	27.1	42.4	5.3	11.34	91.4	-0.93	7.64	6.149
2021-09-21T11:41:28Z	B1P2	Sept21	0.424	0.06	27.1	42.4	5.31	11.33	91.4	-0.91	7.63	6.143
2021-09-21T11:41:30Z	B1P2	Sept21	0.427	0.07	27.1	42.4	5.32	11.33	91.4	-0.91	7.62	6.138
2021-09-21T11:41:32Z	B1P2	Sept21	0.43	0.08	27.1	42.4	5.32	11.33	91.4	-0.9	7.62	6.135
2021-09-21T11:41:34Z	B1P2	Sept21	0.433	0.07	27.1	42.4	5.33	11.33	91.4	-0.9	7.61	6.13
2021-09-21T11:41:36Z	B1P2	Sept21	0.436	0.07	27.2	42.5	5.33	11.33	91.3	-0.89	7.51	6.126
2021-09-21T11:41:38Z	B1P2	Sept21	0.44	0.07	27.1	42.5	5.34	11.33	91.3	-0.87	7.52	6.125
2021-09-21T11:41:40Z	B1P2	Sept21	0.444	0.07	27.1	42.5	5.34	11.33	91.3	-0.85	7.52	6.124
2021-09-21T11:41:42Z	B1P2	Sept21	0.448	0.05	27.1	42.4	5.34	11.33	91.3	-0.85	7.5	6.122
2021-09-21T11:41:44Z	B1P2	Sept21	0.452	0.04	27.1	42.4	5.35	11.33	91.3	-0.85	7.49	6.12
2021-09-21T11:41:46Z	B1P2	Sept21	0.457	0.05	27.1	42.4	5.35	11.33	91.3	-0.86	7.49	6.117
2021-09-21T11:41:48Z	B1P2	Sept21	0.46	0.06	27.1	42.4	5.35	11.33	91.3	-0.86	7.48	6.114
2021-09-21T11:41:50Z	B1P2	Sept21	0.463	0.06	27.1	42.4	5.35	11.33	91.3	-0.85	7.48	6.113
2021-09-21T11:41:52Z	B1P2	Sept21	0.467	0.06	27.1	42.4	5.35	11.34	91.3	-0.84	7.48	6.109
2021-09-21T11:41:54Z	B1P2	Sept21	0.469	0.07	27.1	42.4	5.35	11.34	91.3	-0.84	7.47	6.106
2021-09-21T11:41:56Z	B1P2	Sept21	0.471	0.08	27.1	42.4	5.35	11.34	91.4	-0.84	7.47	6.104
2021-09-10T17:19:04Z	B1P3	Sept10	0.799	0.12	65.4	88.2	5.19	10.57	97	-0.99	7.58	11.504
2021-09-10T17:19:05Z	B1P3	Sept10	0.832	0.16	65.5	88.3	5.17	10.57	97	-0.98	7.58	11.505
2021-09-10T17:19:06Z	B1P3	Sept10	0.845	0.16	65.5	88.3	5.19	10.57	97	-0.9	7.58	11.507
2021-09-10T17:19:07Z	B1P3	Sept10	0.914	0.15	65.6	88.3	5.18	10.56	96.9	-0.91	7.58	11.508
2021-09-10T17:19:08Z	B1P3	Sept10	0.939	0.14	65.6	88.4	5.18	10.56	96.9	-0.86	7.58	11.508
2021-09-10T17:19:09Z	B1P3	Sept10	0.961	0.07	65.6	88.4	5.18	10.57	97	-0.88	7.58	11.507
2021-09-10T17:19:10Z	B1P3	Sept10	1.004	0.06	65.6	88.3	5.18	10.57	97	-0.84	7.59	11.507
2021-09-10T17:19:11Z	B1P3	Sept10	1.073	0.1	65.5	88.3	5.18	10.57	97	-0.88	7.59	11.513
2021-09-10T17:19:12Z	B1P3	Sept10	1.108	0.1	65.5	88.3	5.16	10.57	97	-0.98	7.59	11.516
2021-09-10T17:19:13Z	B1P3	Sept10	1.178	0.1	65.5	88.3	5.18	10.57	97	-0.95	7.59	11.515
2021-09-10T17:19:14Z	B1P3	Sept10	1.241	0.09	65.5	88.3	5.2	10.57	97	-0.89	7.59	11.516
2021-09-10T17:19:15Z	B1P3	Sept10	1.288	0.09	65.6	88.3	5.21	10.57	97	-0.84	7.59	11.516
2021-09-10T17:19:16Z	B1P3	Sept10	1.353	0.14	65.6	88.4	5.21	10.57	97	-0.91	7.59	11.516
2021-09-10T17:19:17Z	B1P3	Sept10	1.368	0.13	65.6	88.4	5.18	10.57	97.1	-1	7.59	11.516
2021-09-10T17:19:18Z	B1P3	Sept10	1.416	0.11	65.6	88.4	5.18	10.57	97.1	-0.9	7.6	11.516
2021-09-10T17:19:19Z	B1P3	Sept10	1.466	0.12	65.6	88.4	5.22	10.57	97	-0.87	7.6	11.514
2021-09-10T17:19:20Z	B1P3	Sept10	1.523	0.14	65.6	88.4	5.2	10.57	97	-1	7.6	11.512
2021-09-10T17:19:21Z	B1P3	Sept10	1.563	0.16	65.6	88.3	5.19	10.57	97	-0.98	7.6	11.511
2021-09-10T17:19:22Z	B1P3	Sept10	1.596	0.14	65.6	88.3	5.21	10.57	97	-0.86	7.6	11.509
2021-09-10T17:19:23Z	B1P3	Sept10	1.637	0.12	65.5	88.3	5.18	10.57	97	-0.8	7.6	11.507
2021-09-10T17:19:24Z	B1P3	Sept10	1.664	0.12	65.5	88.3	5.16	10.57	97	-0.83	7.6	11.499
2021-09-10T17:19:25Z	B1P3	Sept10	1.702	0.12	65.6	88.4	5.17	10.58	97.1	-0.87	7.6	11.498
2021-09-10T17:19:26Z	B1P3	Sept10	1.749	0.11	65.6	88.4	5.19	10.58	97.1	-0.84	7.61	11.498
2021-09-10T17:19:27Z	B1P3	Sept10	1.791	0.09	65.6	88.4	5.2	10.58	97	-0.77	7.61	11.496
2021-09-10T17:19:28Z	B1P3	Sept10	1.832	0.11	65.6	88.4	5.19	10.57	97	-0.82	7.61	11.493
2021-09-10T17:19:29Z	B1P3	Sept10	1.859	0.15	65.6	88.4	5.21	10.57	97	-0.91	7.61	11.494
2021-09-10T17:19:30Z	B1P3	Sept10	1.881	0.18	65.6	88.4	5.2	10.58	97	-0.88	7.61	11.496
2021-09-10T17:19:31Z	B1P3	Sept10	1.91	0.13	65.6	88.4	5.17	10.57	97	-0.81	7.61	11.494
2021-09-10T17:19:32Z	B1P3	Sept10	1.947	0.11	65.6	88.4	5.18	10.57	96.9	-0.87	7.61	11.492
2021-09-10T17:19:33Z	B1P3	Sept10	2.002	0.14	65.5	88.4	5.2	10.56	96.9	-1.04	7.61	11.459
2021-09-10T17:19:34Z	B1P3	Sept10	2.032	0.11	65.5	88.4	5.24	10.56	96.8	-0.88	7.61	11.444
2021-09-10T17:19:35Z	B1P3	Sept10	2.033	0.11	65.5	88.4	5.25	10.57	96.8	-0.7	7.61	11.458
2021-09-11T12:57:10Z	B1P4	Sept11	0.627	0.12	51.3	70	1.77	10.62	96.3	-0.83	7.71	11.007
2021-09-11T12:57:11Z	B1P4	Sept11	0.691	0.12	51.3	70	1.77	10.62	96.3	-0.99	7.72	11.007
2021-09-11T12:57:12Z	B1P4	Sept11	0.778	0.09	51.3	70.1	1.77	10.62	96.4	-0.95	7.72	11.007
2021-09-11T12:57:13Z	B1P4	Sept11	0.849	0.12	51.4	70.1	1.77	10.62	96.4	-0.95	7.72	11.005
2021-09-11T12:57:14Z	B1P4	Sept11	0.913	0.14	51.4	70.1	1.75	10.62	96.3	-0.87	7.72	10.999
2021-09-11T12:57:15Z	B1P4	Sept11	0.975	0.15	51.3	70.1	1.76	10.62	96.3	-0.8	7.73	10.996
2021-09-11T12:57:16Z	B1P4	Sept11	1.007	0.14	51.3	70.1	1.78	10.62	96.3	-0.91	7.73	10.998
2021-09-11T12:57:17Z	B1P4	Sept11	1.034	0.12	51.3	70	1.76	10.62	96.3	-0.92	7.73	10.999
2021-09-11T12:57:21Z	B1P4	Sept11	1.039	0.09	51.3	70	1.76	10.62	96.3	-0.75	7.73	11.001
2021-09-11T12:57:22Z	B1P4	Sept11	1.042	0.05	51.3	70	1.73	10.62	96.3	-0.81	7.74	11.001
2021-09-11T12:57:18Z	B1P4	Sept11	1.045	0.1	51.3	70	1.75	10.62	96.3	-0.93	7.73	11
2021-09-11T12:57:20Z	B1P4	Sept11	1.053	0.13	51.3	70	1.79	10.62	96.3	-0.73	7.73	11.001
2021-09-11T12:57:19Z	B1P4	Sept11	1.055	0.09	51.3	70	1.8	10.62	96.3	-0.87	7.73	11
2021-09-11T12:57:23Z	B1P4	Sept11	1.076	0.08	51.3	70	1.76	10.62	96.3	-0.87	7.74	11.001
2021-09-11T12:57:24Z	B1P4	Sept11	1.126	0.09	51.3	70.1	1.78	10.62	96.3	-0.83	7.74	11.001
2021-09-11T12:57:25Z	B1P4	Sept11	1.191	0.1	51.3	70.1	1.77	10.62	96.3	-0.9	7.74	11.002
2021-09-11T12:57:26Z	B1P4	Sept11	1.198	0.11	51.3	70.1	1.74	10.62	96.3	-0.92	7.74	11.002
2021-09-11T12:57:27Z	B1P4	Sept11	1.218	0.12	51.4	70.1	1.77	10.62	96.3	-0.87	7.75	11.002
2021-09-11T12:57:28Z	B1P4	Sept11	1.24	0.11	51.4	70.1	1.78	10.62	96.3	-0.92	7.75	11.002
2021-09-11T12:57:29Z	B1P4	Sept11	1.311	0.11	51.4	70.1	1.77	10.62	96.3	-0.87	7.75	11.002
2021-09-11T12:57:30Z	B1P4	Sept11	1.343	0.08	51.3	70.1	1.77	10.62	96.3	-0.81	7.75	11.001
2021-09-11T12:57:31Z	B1P4	Sept11	1.388	0.07	51.3	70.1	1.76	10.62	96.3	-0.87	7.74	10.999
2021-09-11T12:57:32Z	B1P4	Sept11	1.398	0.06	51.3	70	1.74	10.62	96.3	-0.89	7.74	10.999
2021-09-11T12:57:33Z	B1P4	Sept11	1.415	0.09	51.3	70	1.78	10.62	96.3	-0.8	7.75	11.001
2021-09-11T12:57:34Z	B1P4	Sept11	1.459	0.09	51.3	70	1.79	10.62	96.3	-0.84	7.75	11.001
2021-09-11T12:57:35Z	B1P4	Sept11	1.463	0.1	51.3	70	1.78	10.62	96.3	-0.83	7.75	11
2021-09-11T12:57:36Z	B1P4	Sept11	1.492	0.1	51.3	70.1	1.78	10.61	96.3	-0.87	7.75	11
2021-09-11T12:57:37Z	B1P4	Sept11	1.494	0.08	51.3	70.1	1.78	10.62	96.3	-0.87	7.75	11
2021-09-11T12:57:38Z	B1P4	Sept11	1.496	0.13	51.4	70.1	1.78	10.62	96.3	-0.79	7.74	11
2021-09-11T12:57:39Z	B1P4	Sept11	1.502	0.14	51.4	70.1	1.79	10.62	96.3	-0.8	7.74	10.999
2021-09-11T12:57:40Z	B1P4	Sept11	1.511	0.11	51.4	70.1	1.8	10.61	96.3	-0.87	7.74	10.997
2021-09-11T12:57:43Z	B1P4	Sept11	1.52	0.12	51.3	70.1	1.8	10.62	96.3	-0.81	7.76	10.996
2021-09-11T12:57:42Z	B1P4	Sept11	1.55	0.13	51.3	70.1	1.77	10.62	96.3	-0.82	7.76	10.996
2021-09-11T12:57:44Z	B1P4	Sept11	1.55	0.11	51.3	70	1.77	10.61	96.2	-0.9	7.76	10.996
2021-09-11T12:57:41Z	B1P4	Sept11	1.551	0.13	51.3	70.1	1.76	10.61	96.3	-0.89	7.75	10.996
2021-09-11T12:57:45Z	B1P4	Sept11	1.623	0.08	51.3	70	1.77	10.61	96.2	-0.96	7.76	10.995
2021-09-11T12:57:46Z	B1P4	Sept11	1.681	0.06	51.3	70	1.8	10.61	96.2	-0.89	7.76	10.995
2021-09-12T16:09:55Z	B2P2	Sept12	1.08	0.27	38.3	55.7	4.27	10.75	92.1	-0.91	7.02	8.624
2021-09-12T16:09:56Z	B2P2	Sept12	1.24	0.29	38.3	55.7	4.26	10.75	92.1	-0.96	7.02	8.621
2021-09-12T16:09:57Z	B2P2	Sept12	1.367	0.31	38.3	55.7	4.24	10.75	92.1	-0.88	7.02	8.621
2021-09-12T16:09:58Z	B2P2	Sept12	1.491	0.27	38.3	55.7	4.24	10.74	92.1	-0.9	7.02	8.622
2021-09-12T16:09:59Z	B2P2	Sept12	1.533	0.28	38.3	55.7	4.25	10.75	92.1	-0.86	7.02	8.622
2021-09-12T16:10:00Z	B2P2	Sept12	1.626	0.37	38.3	55.7	4.19	10.74	92.1	-0.31	7.02	8.621
2021-09-12T16:10:01Z	B2P2	Sept12	1.764	0.48	38.3	55.7	4.17	10.74	92.1	-0.05	7.03	8.619
2021-09-12T16:10:07Z	B2P2	Sept12	1.792	0.49	38.3	55.7	4.19	10.75	92.1	-0.85	7.03	8.619
2021-09-12T16:10:06Z	B2P2	Sept12	1.807	0.5	38.3	55.7	4.2	10.75	92.2	-0.88	7.03	8.62
2021-09-12T16:10:08Z	B2P2	Sept12	1.807	0.57	38.3	55.7	4.17	10.75	92.1	-0.76	7.03	8.619
2021-09-12T16:10:05Z	B2P2	Sept12	1.829	0.46	38.3	55.7	4.17	10.75	92.1	-0.74	7.03	8.621
2021-09-12T16:10:02Z	B2P2	Sept12	1.832	0.51	38.3	55.7	4.2	10.75	92.1	-0.31	7.03	8.618
2021-09-12T16:10:03Z	B2P2	Sept12	1.849	0.46	38.3	55.8	4.16	10.75	92.1	-0.46	7.03	8.617
2021-09-12T16:10:04Z	B2P2	Sept12	1.85	0.45	38.3	55.8	4.08	10.75	92.1	-0.6	7.02	8.619
2021-09-12T16:10:09Z	B2P2	Sept12	1.882	4.58	38.3	55.7	4.06	10.75	92.1	-0.19	7.03	8.619
2021-09-12T16:10:10Z	B2P2	Sept12	1.916	9.46	38.2	55.7	4.05	10.75	92.2	0.08	7.03	8.62
2021-09-12T14:31:08Z	B2P3	Sept12	1.095	0.76	35.3	51.7	2.91	10.73	91.6	-0.82	6.91	8.454
2021-09-12T14:31:09Z	B2P3	Sept12	1.189	0.82	35.3	51.7	2.93	10.72	91.6	-0.68	6.91	8.453
2021-09-12T14:31:10Z	B2P3	Sept12	1.264	0.88	35.3	51.6	2.94	10.72	91.5	-0.66	6.91	8.452
2021-09-12T14:31:11Z	B2P3	Sept12	1.364	0.94	35.3	51.7	2.94	10.72	91.6	-0.76	6.91	8.453
2021-09-12T14:31:12Z	B2P3	Sept12	1.444	0.98	35.3	51.7	2.94	10.72	91.6	-0.73	6.91	8.453
2021-09-12T14:31:13Z	B2P3	Sept12	1.491	1.01	35.4	51.7	2.91	10.72	91.6	-0.75	6.91	8.452
2021-09-12T14:31:14Z	B2P3	Sept12	1.521	1.04	35.4	51.7	2.92	10.72	91.5	-0.74	6.91	8.452
2021-09-12T14:31:15Z	B2P3	Sept12	1.566	1.05	35.4	51.7	2.93	10.72	91.5	-0.64	6.9	8.452
2021-09-12T14:31:16Z	B2P3	Sept12	1.679	1.02	35.4	51.7	2.92	10.72	91.5	-0.62	6.9	8.453
2021-09-12T14:31:17Z	B2P3	Sept12	1.763	1.01	35.4	51.7	2.93	10.72	91.5	-0.73	6.91	8.454
2021-09-12T14:31:18Z	B2P3	Sept12	1.861	0.99	35.3	51.7	2.93	10.72	91.5	-0.86	6.91	8.453
2021-09-12T14:31:19Z	B2P3	Sept12	1.926	0.98	35.3	51.7	2.92	10.72	91.5	-0.77	6.9	8.452
2021-09-12T14:31:20Z	B2P3	Sept12	2.028	1.04	35.3	51.7	2.95	10.72	91.5	-0.66	6.9	8.452
2021-09-12T14:31:21Z	B2P3	Sept12	2.159	1.14	35.3	51.7	2.96	10.72	91.5	-0.71	6.9	8.452
2021-09-12T14:31:22Z	B2P3	Sept12	2.298	1.23	35.3	51.7	2.95	10.72	91.5	-0.75	6.9	8.453
2021-09-12T14:31:23Z	B2P3	Sept12	2.386	1.28	35.4	51.7	2.95	10.71	91.5	-0.74	6.9	8.452
2021-09-12T14:31:24Z	B2P3	Sept12	2.485	1.33	35.4	51.7	2.95	10.71	91.4	-0.71	6.89	8.451
2021-09-12T14:31:25Z	B2P3	Sept12	2.556	1.4	35.4	51.7	2.93	10.71	91.4	-0.64	6.89	8.449
2021-09-12T14:31:26Z	B2P3	Sept12	2.607	1.51	35.4	51.7	2.93	10.71	91.4	-0.61	6.89	8.448
2021-09-12T14:31:27Z	B2P3	Sept12	2.676	1.63	35.4	51.7	2.96	10.71	91.4	-0.72	6.89	8.448
2021-09-12T14:31:28Z	B2P3	Sept12	2.764	1.68	35.3	51.7	2.96	10.71	91.4	-0.74	6.89	8.448
2021-09-12T14:31:29Z	B2P3	Sept12	2.839	1.73	35.3	51.7	2.91	10.71	91.4	-0.58	6.89	8.448
2021-09-12T14:31:30Z	B2P3	Sept12	2.842	1.81	35.3	51.7	2.91	10.71	91.4	-0.56	6.89	8.449
2021-09-15T18:55:04Z	B2P4	Sept15	0.529	0.04	36.9	52.5	3.38	10.8	94.5	-0.88	6.71	9.437
2021-09-15T18:55:05Z	B2P4	Sept15	0.673	0.04	36.9	52.6	3.38	10.77	94.2	-0.81	6.71	9.403
2021-09-15T18:55:06Z	B2P4	Sept15	0.786	0.04	36.9	52.8	3.55	10.69	93.4	-0.89	6.71	9.154
2021-09-15T18:55:07Z	B2P4	Sept15	0.896	0.08	36.7	52.9	3.64	10.73	93.2	-0.89	6.71	8.937
2021-09-15T18:55:08Z	B2P4	Sept15	0.998	0.1	36.5	52.8	3.68	10.8	93.3	-0.92	6.71	8.878
2021-09-15T18:55:09Z	B2P4	Sept15	1.052	0.07	36.4	52.6	3.71	10.8	93.2	-0.93	6.71	8.876
2021-09-15T18:55:10Z	B2P4	Sept15	1.128	0.09	36.3	52.6	3.74	10.79	93.1	-0.83	6.71	8.681
2021-09-15T18:55:11Z	B2P4	Sept15	1.233	0.09	36.2	52.8	3.74	10.84	93	-0.86	6.71	8.525
2021-09-15T18:55:12Z	B2P4	Sept15	1.337	0.07	36.1	52.8	3.72	10.86	92.9	-0.85	6.71	8.445
2021-09-15T18:55:13Z	B2P4	Sept15	1.438	0.08	36.1	52.8	3.75	10.86	92.7	-0.8	6.7	8.384
2021-09-15T18:55:14Z	B2P4	Sept15	1.537	0.07	36.1	52.9	3.79	10.85	92.5	-0.89	6.7	8.342
2021-09-15T18:55:15Z	B2P4	Sept15	1.621	0.08	36.1	52.9	3.78	10.87	92.5	-0.99	6.7	8.336
2021-09-15T18:55:16Z	B2P4	Sept15	1.695	0.1	36.1	52.9	3.79	10.87	92.5	-0.87	6.7	8.351
2021-09-15T18:55:17Z	B2P4	Sept15	1.784	0.05	36.1	52.9	3.8	10.85	92.4	-0.76	6.71	8.349
2021-09-15T18:55:18Z	B2P4	Sept15	1.904	0.04	36.1	52.9	3.82	10.82	92.2	-0.9	6.7	8.319
2021-09-15T18:55:19Z	B2P4	Sept15	2.023	0.08	36.1	53	3.83	10.81	92	-1.01	6.7	8.292
2021-09-15T18:55:20Z	B2P4	Sept15	2.087	0.09	36.1	53	3.81	10.82	92	-0.91	6.7	8.29
2021-09-15T18:55:21Z	B2P4	Sept15	2.137	0.09	36.1	53	3.77	10.81	91.9	-0.75	6.7	8.288
2021-09-15T18:55:22Z	B2P4	Sept15	2.181	0.06	36.1	53	3.82	10.8	91.8	-0.75	6.71	8.262
2021-09-15T18:55:23Z	B2P4	Sept15	2.22	0.06	36.1	53	3.82	10.8	91.7	-0.85	6.7	8.256
2021-09-15T18:55:24Z	B2P4	Sept15	2.325	0.07	36	53	3.81	10.79	91.7	-0.91	6.7	8.255
2021-09-15T18:55:25Z	B2P4	Sept15	2.431	0.11	36	52.9	3.82	10.78	91.6	-0.92	6.7	8.236
2021-09-15T18:55:26Z	B2P4	Sept15	2.526	0.12	36	52.9	3.83	10.78	91.5	-0.89	6.7	8.226
2021-09-15T18:55:27Z	B2P4	Sept15	2.608	0.06	36	53	3.81	10.78	91.5	-0.86	6.7	8.218
2021-09-15T18:55:28Z	B2P4	Sept15	2.686	0.06	36	53.1	3.81	10.76	91.4	-0.92	6.7	8.207
2021-09-15T18:55:29Z	B2P4	Sept15	2.742	0.1	36	53.1	3.82	10.76	91.3	-0.97	6.7	8.2
2021-09-15T18:55:30Z	B2P4	Sept15	2.774	0.1	36	53.1	3.85	10.76	91.3	-0.86	6.7	8.199
2021-09-15T18:55:31Z	B2P4	Sept15	2.856	0.09	36	53.1	3.87	10.75	91.2	-0.75	6.7	8.199
2021-09-15T18:55:32Z	B2P4	Sept15	2.948	0.06	36	53.1	3.86	10.74	91.2	-0.77	6.7	8.193
2021-09-15T18:55:33Z	B2P4	Sept15	3.012	0.06	36	53.1	3.85	10.74	91.1	-0.92	6.7	8.186
2021-09-15T18:55:34Z	B2P4	Sept15	3.058	0.08	36	53.1	3.84	10.73	91	-0.83	6.7	8.175
2021-09-15T18:55:35Z	B2P4	Sept15	3.09	0.08	36	53.1	3.86	10.73	91	-0.67	6.69	8.172
2021-09-15T18:55:36Z	B2P4	Sept15	3.126	0.06	36	53	3.83	10.74	91	-0.84	6.7	8.176
2021-09-15T18:55:37Z	B2P4	Sept15	3.187	0.07	36	53.1	3.82	10.73	91	-0.85	6.7	8.175
2021-09-15T18:55:38Z	B2P4	Sept15	3.246	0.11	36	53.1	3.86	10.72	90.9	-0.76	6.7	8.175
2021-09-15T18:55:39Z	B2P4	Sept15	3.297	0.12	36	53.1	3.85	10.72	90.9	-0.74	6.7	8.17
2021-09-15T18:55:40Z	B2P4	Sept15	3.315	0.09	36.1	53.2	3.84	10.72	90.9	-0.82	6.7	8.165
2021-09-15T18:55:41Z	B2P4	Sept15	3.328	0.05	36.1	53.2	3.85	10.71	90.8	-0.84	6.7	8.16
2021-09-15T18:55:42Z	B2P4	Sept15	3.375	0.08	36.1	53.2	3.86	10.71	90.8	-0.8	6.7	8.153
2021-09-15T18:55:43Z	B2P4	Sept15	3.412	0.11	36	53.1	3.88	10.71	90.7	-0.93	6.7	8.152
2021-09-15T18:55:44Z	B2P4	Sept15	3.472	0.1	36	53.1	3.9	10.7	90.7	-0.98	6.7	8.147
2021-09-15T18:55:45Z	B2P4	Sept15	3.569	0.09	36	53.1	3.9	10.7	90.7	-0.95	6.7	8.13
2021-09-15T18:55:46Z	B2P4	Sept15	3.69	0.09	36	53.1	3.87	10.7	90.7	-0.85	6.7	8.123
2021-09-15T18:55:47Z	B2P4	Sept15	3.771	0.12	36	53.1	3.86	10.7	90.6	-0.76	6.7	8.122
2021-09-15T18:55:48Z	B2P4	Sept15	3.845	0.18	36	53.1	3.88	10.7	90.6	-0.85	6.7	8.125
2021-09-15T18:55:49Z	B2P4	Sept15	3.904	0.14	36	53.2	3.88	10.69	90.6	-0.97	6.7	8.126
2021-09-15T18:55:50Z	B2P4	Sept15	3.943	0.11	36	53.2	3.88	10.69	90.5	-0.97	6.69	8.123
2021-09-15T18:55:51Z	B2P4	Sept15	3.985	0.1	36.1	53.2	3.9	10.68	90.5	-0.76	6.69	8.115
2021-09-15T18:55:52Z	B2P4	Sept15	4.091	0.07	36.1	53.3	3.88	10.68	90.5	-0.67	6.69	8.104
2021-09-15T18:55:53Z	B2P4	Sept15	4.227	0.1	36.1	53.3	3.88	10.68	90.4	-0.78	6.69	8.091
2021-09-15T18:55:54Z	B2P4	Sept15	4.361	0.08	36.1	53.3	3.91	10.68	90.4	-0.86	6.7	8.09
2021-09-15T18:55:55Z	B2P4	Sept15	4.506	0.11	36.1	53.3	3.88	10.68	90.4	-0.92	6.69	8.088
2021-09-15T18:55:56Z	B2P4	Sept15	4.614	0.12	36.1	53.3	3.85	10.67	90.3	-0.92	6.69	8.078
2021-09-15T18:55:57Z	B2P4	Sept15	4.747	0.07	36.1	53.3	3.87	10.67	90.3	-0.81	6.68	8.068
2021-09-15T18:55:58Z	B2P4	Sept15	4.842	0.1	36.1	53.3	3.92	10.67	90.3	-0.73	6.69	8.063
2021-09-15T18:55:59Z	B2P4	Sept15	4.857	0.1	36.1	53.3	3.9	10.67	90.3	-0.82	6.69	8.056
2021-09-13T16:29:00Z	B3P0	Sept13	0.6	0.08	46.2	70.7	1.65	11.26	92.4	-0.81	6.68	6.856
2021-09-13T16:29:01Z	B3P0	Sept13	0.713	0.04	46.2	70.7	1.66	11.26	92.4	-0.9	6.66	6.854
2021-09-13T16:29:02Z	B3P0	Sept13	0.795	0.02	46.2	70.7	1.67	11.26	92.4	-0.93	6.66	6.853
2021-09-13T16:29:03Z	B3P0	Sept13	0.85	0.05	46.2	70.8	1.66	11.26	92.4	-0.84	6.67	6.853
2021-09-13T16:29:04Z	B3P0	Sept13	0.877	0.07	46.3	70.8	1.65	11.26	92.4	-0.79	6.67	6.853
2021-09-13T16:29:05Z	B3P0	Sept13	0.924	0.09	46.3	70.8	1.65	11.25	92.4	-0.85	6.67	6.853
2021-09-13T16:29:06Z	B3P0	Sept13	0.993	0.01	46.2	70.8	1.66	11.25	92.4	-0.87	6.67	6.851
2021-09-13T16:29:07Z	B3P0	Sept13	1.094	0	46.2	70.7	1.68	11.25	92.4	-0.9	6.67	6.852
2021-09-13T16:29:08Z	B3P0	Sept13	1.147	0.05	46.2	70.7	1.67	11.25	92.3	-0.92	6.67	6.854
2021-09-13T16:29:09Z	B3P0	Sept13	1.197	0.02	46.2	70.7	1.66	11.25	92.3	-0.92	6.67	6.857
2021-09-13T16:29:10Z	B3P0	Sept13	1.26	0.11	46.2	70.7	1.67	11.25	92.3	-0.93	6.67	6.858
2021-09-13T16:29:11Z	B3P0	Sept13	1.327	0.11	46.2	70.7	1.68	11.25	92.3	-0.98	6.67	6.857
2021-09-13T16:29:12Z	B3P0	Sept13	1.398	0.03	46.2	70.7	1.69	11.25	92.4	-0.93	6.66	6.859
2021-09-13T16:29:13Z	B3P0	Sept13	1.432	0.05	46.2	70.8	1.69	11.25	92.3	-0.89	6.66	6.861
2021-09-13T16:29:14Z	B3P0	Sept13	1.471	0.02	46.3	70.8	1.67	11.24	92.3	-0.8	6.66	6.861
2021-09-13T16:29:15Z	B3P0	Sept13	1.512	0.04	46.3	70.8	1.66	11.24	92.3	-0.72	6.66	6.862
2021-09-13T16:29:16Z	B3P0	Sept13	1.586	0.06	46.2	70.8	1.66	11.24	92.3	-0.8	6.66	6.864
2021-09-13T16:29:17Z	B3P0	Sept13	1.659	0.07	46.2	70.7	1.68	11.24	92.3	-0.95	6.66	6.866
2021-09-13T16:29:18Z	B3P0	Sept13	1.726	0.07	46.2	70.7	1.69	11.24	92.3	-0.94	6.66	6.865
2021-09-13T16:29:19Z	B3P0	Sept13	1.786	0.05	46.2	70.7	1.69	11.24	92.3	-0.81	6.66	6.862
2021-09-13T16:29:20Z	B3P0	Sept13	1.866	0.06	46.2	70.7	1.67	11.24	92.2	-0.78	6.66	6.86
2021-09-13T16:29:21Z	B3P0	Sept13	1.935	0.07	46.2	70.7	1.66	11.23	92.2	-0.81	6.66	6.851
2021-09-13T16:29:22Z	B3P0	Sept13	1.988	0.02	46.2	70.8	1.66	11.24	92.2	-0.89	6.65	6.848
2021-09-13T16:29:24Z	B3P0	Sept13	2.017	0.04	46.3	70.8	1.69	11.24	92.2	-0.9	6.66	6.854
2021-09-13T16:29:23Z	B3P0	Sept13	2.018	-0.01	46.2	70.8	1.67	11.24	92.2	-0.93	6.65	6.85
2021-09-13T16:29:25Z	B3P0	Sept13	2.059	0.06	46.2	70.8	1.68	11.23	92.2	-0.94	6.66	6.852
2021-09-13T16:29:26Z	B3P0	Sept13	2.122	0.07	46.2	70.8	1.67	11.23	92.2	-1.01	6.65	6.848
2021-09-13T16:29:27Z	B3P0	Sept13	2.209	0.08	46.2	70.7	1.66	11.23	92.2	-0.94	6.65	6.845
2021-09-13T16:29:28Z	B3P0	Sept13	2.25	0.07	46.2	70.7	1.65	11.23	92.2	-0.8	6.65	6.845
2021-09-13T16:29:29Z	B3P0	Sept13	2.312	0.07	46.2	70.7	1.66	11.23	92.2	-0.93	6.65	6.845
2021-09-13T16:29:30Z	B3P0	Sept13	2.368	0.05	46.2	70.7	1.66	11.23	92.2	-0.92	6.66	6.845
2021-09-13T16:29:31Z	B3P0	Sept13	2.442	0.04	46.2	70.7	1.67	11.23	92.2	-0.85	6.65	6.845
2021-09-13T16:29:32Z	B3P0	Sept13	2.508	0.07	46.2	70.8	1.67	11.23	92.1	-0.92	6.65	6.846
2021-09-13T16:29:33Z	B3P0	Sept13	2.616	0.1	46.2	70.8	1.65	11.23	92.1	-0.99	6.65	6.845
2021-09-13T16:29:34Z	B3P0	Sept13	2.708	0.06	46.2	70.8	1.64	11.23	92.1	-0.88	6.65	6.845
2021-09-13T16:29:35Z	B3P0	Sept13	2.773	0.03	46.2	70.8	1.63	11.22	92.1	-0.75	6.65	6.846
2021-09-13T16:29:36Z	B3P0	Sept13	2.847	0.04	46.2	70.7	1.64	11.23	92.1	-0.74	6.65	6.846
2021-09-13T16:29:37Z	B3P0	Sept13	2.918	0.06	46.2	70.7	1.65	11.22	92.1	-0.78	6.65	6.845
2021-09-13T16:29:38Z	B3P0	Sept13	2.978	0.03	46.2	70.7	1.68	11.21	92	-0.79	6.65	6.836
2021-09-13T15:43:03Z	B3P1	Sept13	0.623	0.1	46.1	77.3	9.82	12.19	92.7	-0.83	6.96	3.88
2021-09-13T15:43:04Z	B3P1	Sept13	0.672	0.11	46.1	77.3	9.83	12.19	92.7	-0.78	6.96	3.881
2021-09-13T15:43:05Z	B3P1	Sept13	0.716	0.1	46.1	77.3	9.81	12.19	92.7	-0.77	6.96	3.878
2021-09-13T15:43:06Z	B3P1	Sept13	0.798	0.1	46.1	77.3	9.8	12.19	92.7	-0.8	6.96	3.894
2021-09-13T15:43:07Z	B3P1	Sept13	0.886	0.11	46.1	77.3	9.82	12.19	92.8	-0.89	6.96	3.901
2021-09-13T15:43:08Z	B3P1	Sept13	0.946	0.11	46.2	77.3	9.8	12.19	92.8	-0.94	6.97	3.902
2021-09-13T15:43:09Z	B3P1	Sept13	0.995	0.12	46.2	77.3	9.77	12.2	92.9	-0.89	6.96	3.908
2021-09-13T15:43:10Z	B3P1	Sept13	1.053	0.07	46.2	77.2	9.81	12.21	92.9	-0.81	6.96	3.948
2021-09-13T15:43:11Z	B3P1	Sept13	1.102	0.07	46.2	77.2	9.82	12.2	93	-0.87	6.96	3.975
2021-09-13T15:43:12Z	B3P1	Sept13	1.141	0.11	46.2	77.2	9.8	12.19	92.9	-0.91	6.96	3.979
2021-09-13T15:43:13Z	B3P1	Sept13	1.197	0.1	46.2	77.2	9.76	12.18	92.9	-0.87	6.96	3.973
2021-09-13T15:43:14Z	B3P1	Sept13	1.287	0.12	46.2	77.3	9.8	12.17	92.8	-0.81	6.96	3.945
2021-09-13T15:43:15Z	B3P1	Sept13	1.354	0.18	46.2	77.3	9.82	12.18	92.8	-0.8	6.96	3.944
2021-09-13T15:43:16Z	B3P1	Sept13	1.402	0.15	46.2	77.2	9.8	12.21	93.1	-0.82	6.96	4.005
2021-09-13T15:43:17Z	B3P1	Sept13	1.42	0.16	46.2	77.2	9.8	12.2	93.1	-0.79	6.96	4.01
2021-09-13T15:43:18Z	B3P1	Sept13	1.452	0.17	46.2	77.2	9.79	12.19	93	-0.69	6.96	4.014
2021-09-13T15:43:19Z	B3P1	Sept13	1.49	0.16	46.3	77.2	9.8	12.19	93.1	-0.79	6.96	4.02
2021-09-13T15:43:20Z	B3P1	Sept13	1.494	0.13	46.3	77.2	9.78	12.19	93.1	-0.91	6.96	4.015
2021-09-13T17:41:04Z	B3P2	Sept13	0.5	0.04	44.4	69.6	5.66	11.71	94.2	-0.76	6.73	6.039
2021-09-13T17:41:05Z	B3P2	Sept13	0.656	0.05	44.4	69.5	5.61	11.71	94.2	-0.85	6.72	6.039
2021-09-13T17:41:06Z	B3P2	Sept13	0.753	0.08	44.4	69.6	5.6	11.71	94.1	-0.86	6.72	6.037
2021-09-13T17:41:07Z	B3P2	Sept13	0.822	0.08	44.4	69.6	5.65	11.71	94.2	-0.84	6.72	6.037
2021-09-13T17:41:08Z	B3P2	Sept13	0.869	0.12	44.4	69.6	5.62	11.72	94.2	-0.75	6.72	6.037
2021-09-13T17:41:10Z	B3P2	Sept13	0.874	0.1	44.4	69.6	5.62	11.71	94.2	-0.73	6.72	6.041
2021-09-13T17:41:09Z	B3P2	Sept13	0.883	0.13	44.4	69.6	5.61	11.72	94.2	-0.71	6.72	6.038
2021-09-13T17:41:11Z	B3P2	Sept13	0.89	0.08	44.4	69.7	5.63	11.71	94.1	-0.74	6.72	6.034
2021-09-13T17:41:12Z	B3P2	Sept13	0.976	0.08	44.4	69.7	5.64	11.7	94.1	-0.83	6.72	6.027
2021-09-13T17:41:14Z	B3P2	Sept13	1.001	0.13	44.4	69.7	5.64	11.71	94.2	-0.96	6.71	6.025
2021-09-13T17:41:13Z	B3P2	Sept13	1.015	0.14	44.4	69.7	5.64	11.71	94.1	-0.98	6.71	6.024
2021-09-13T17:41:15Z	B3P2	Sept13	1.018	0.08	44.4	69.7	5.62	11.71	94.1	-0.82	6.71	6.022
2021-09-13T17:41:16Z	B3P2	Sept13	1.061	0.09	44.4	69.6	5.64	11.71	94.1	-0.71	6.71	6.018
2021-09-13T17:41:17Z	B3P2	Sept13	1.103	0.12	44.4	69.6	5.65	11.71	94.1	-0.68	6.71	6.016
2021-09-13T17:41:18Z	B3P2	Sept13	1.17	0.13	44.3	69.6	5.64	11.71	94.1	-0.78	6.71	6.015
2021-09-13T17:41:19Z	B3P2	Sept13	1.225	0.09	44.3	69.5	5.68	11.71	94.1	-0.85	6.71	6.013
2021-09-13T17:41:20Z	B3P2	Sept13	1.291	0.08	44.3	69.6	5.67	11.71	94.1	-0.92	6.71	6.013
2021-09-13T17:41:21Z	B3P2	Sept13	1.353	0.1	44.4	69.6	5.63	11.71	94.1	-0.95	6.71	6.012
2021-09-13T17:41:22Z	B3P2	Sept13	1.401	0.07	44.4	69.6	5.62	11.7	94.1	-0.92	6.71	6.012
2021-09-13T17:41:23Z	B3P2	Sept13	1.451	0.04	44.4	69.7	5.65	11.7	94	-0.89	6.71	6.012
2021-09-13T17:41:24Z	B3P2	Sept13	1.484	0.05	44.4	69.7	5.65	11.7	94	-0.75	6.7	6.012
2021-09-13T17:41:25Z	B3P2	Sept13	1.495	0.12	44.4	69.7	5.65	11.7	94	-0.78	6.71	6.014
2021-09-13T17:41:26Z	B3P2	Sept13	1.517	0.13	44.4	69.7	5.64	11.7	94	-0.86	6.71	6.015
2021-09-13T17:41:27Z	B3P2	Sept13	1.615	0.09	44.4	69.7	5.64	11.7	94	-0.75	6.71	6.012
2021-09-13T17:41:28Z	B3P2	Sept13	1.696	0.08	44.4	69.6	5.65	11.7	94	-0.75	6.71	6.009
2021-09-13T17:41:29Z	B3P2	Sept13	1.766	0.09	44.4	69.6	5.64	11.7	94	-0.85	6.71	6.007
2021-09-13T17:41:30Z	B3P2	Sept13	1.835	0.1	44.3	69.6	5.66	11.7	94	-0.91	6.71	6.004
2021-09-13T17:41:31Z	B3P2	Sept13	1.92	0.13	44.4	69.6	5.67	11.7	94	-0.88	6.71	6.005
2021-09-13T17:41:32Z	B3P2	Sept13	1.967	0.15	44.4	69.7	5.68	11.7	94	-0.82	6.71	6.003
2021-09-13T17:41:33Z	B3P2	Sept13	2.004	0.17	44.4	69.7	5.66	11.69	94	-0.83	6.71	6
2021-09-13T17:41:35Z	B3P2	Sept13	2.008	0.17	44.4	69.7	5.63	11.7	94	-0.89	6.71	6.002
2021-09-13T17:41:34Z	B3P2	Sept13	2.011	0.18	44.4	69.7	5.63	11.69	93.9	-0.91	6.71	6
2021-09-13T17:41:36Z	B3P2	Sept13	2.062	0.14	44.4	69.7	5.63	11.7	94	-0.76	6.71	6.004
2021-09-13T17:41:37Z	B3P2	Sept13	2.211	0.11	44.4	69.6	5.65	11.69	93.9	-0.75	6.71	6.002
2021-09-13T17:41:38Z	B3P2	Sept13	2.308	0.09	44.3	69.6	5.65	11.69	93.9	-0.87	6.71	6.001
2021-09-13T17:41:39Z	B3P2	Sept13	2.419	0.12	44.3	69.6	5.64	11.69	93.9	-0.9	6.71	6.001
2021-09-13T17:41:40Z	B3P2	Sept13	2.487	0.15	44.3	69.6	5.66	11.69	93.9	-0.88	6.7	6.001
2021-09-13T17:41:41Z	B3P2	Sept13	2.56	0.12	44.4	69.6	5.66	11.69	93.9	-0.91	6.7	6.001
2021-09-13T17:41:42Z	B3P2	Sept13	2.612	0.12	44.4	69.7	5.67	11.69	93.9	-0.95	6.7	6.001
2021-09-13T17:41:43Z	B3P2	Sept13	2.659	0.12	44.4	69.7	5.69	11.68	93.9	-0.91	6.7	6.002
2021-09-13T17:41:44Z	B3P2	Sept13	2.722	0.08	44.4	69.7	5.69	11.68	93.9	-0.81	6.7	6.003
2021-09-13T17:41:45Z	B3P2	Sept13	2.781	0.1	44.4	69.7	5.66	11.69	93.9	-0.79	6.7	6.004
2021-09-13T17:41:46Z	B3P2	Sept13	2.825	0.1	44.4	69.7	5.67	11.69	93.9	-0.92	6.7	6.004
2021-09-13T17:41:47Z	B3P2	Sept13	2.876	0.09	44.4	69.7	5.66	11.68	93.9	-0.94	6.7	6.003
2021-09-13T17:41:48Z	B3P2	Sept13	2.932	0.14	44.4	69.7	5.66	11.69	93.9	-0.79	6.7	6.002
2021-09-13T17:41:49Z	B3P2	Sept13	2.979	0.15	44.3	69.6	5.67	11.69	93.9	-0.75	6.7	6.003
2021-09-13T17:41:50Z	B3P2	Sept13	2.988	0.11	44.3	69.6	5.65	11.68	93.9	-0.85	6.7	6.003
2021-09-13T11:33:26Z	B3P3	Sept13	1.018	0.12	31	48.2	2.86	11.3	91.6	-0.73	6.94	6.355
2021-09-13T11:33:27Z	B3P3	Sept13	1.223	0.09	31	48.2	3.44	11.3	91.6	-0.81	6.92	6.353
2021-09-13T11:33:28Z	B3P3	Sept13	1.421	0.07	31.1	48.3	4.24	11.3	91.6	-0.86	6.89	6.353
2021-09-13T11:33:29Z	B3P3	Sept13	1.477	0.09	31.1	48.3	4.22	11.29	91.5	-0.82	6.92	6.343
2021-09-13T11:33:30Z	B3P3	Sept13	1.599	0.13	31.1	48.3	4.22	11.29	91.5	-0.83	6.95	6.323
2021-09-13T11:33:31Z	B3P3	Sept13	1.678	0.17	31.1	48.4	4.26	11.28	91.4	-0.78	6.95	6.312
2021-09-13T11:33:32Z	B3P3	Sept13	1.743	0.19	31.1	48.4	4.25	11.28	91.3	-0.72	6.94	6.303
2021-09-13T11:33:33Z	B3P3	Sept13	1.811	0.2	31.1	48.5	4.23	11.29	91.4	-0.74	6.93	6.29
2021-09-13T11:33:34Z	B3P3	Sept13	1.904	0.16	31.2	48.5	4.23	11.28	91.3	-0.73	6.93	6.284
2021-09-13T11:33:35Z	B3P3	Sept13	1.963	0.18	31.2	48.5	4.24	11.28	91.3	-0.79	6.93	6.272
2021-09-13T11:33:36Z	B3P3	Sept13	2.017	0.19	31.2	48.6	4.23	11.29	91.3	-0.98	6.93	6.276
2021-09-13T11:33:37Z	B3P3	Sept13	2.073	0.17	31.2	48.6	4.24	11.29	91.3	-1.05	6.93	6.285
2021-09-13T11:33:38Z	B3P3	Sept13	2.164	0.18	31.2	48.6	4.23	11.28	91.3	-0.88	6.93	6.286
2021-09-13T11:33:39Z	B3P3	Sept13	2.252	0.2	31.2	48.6	4.23	11.28	91.3	-0.76	6.93	6.281
2021-09-13T11:33:40Z	B3P3	Sept13	2.299	0.19	31.2	48.6	4.26	11.28	91.3	-0.71	6.93	6.28
2021-09-13T11:33:41Z	B3P3	Sept13	2.363	0.15	31.2	48.6	4.25	11.28	91.3	-0.6	6.93	6.277
2021-09-13T11:33:42Z	B3P3	Sept13	2.439	0.23	31.2	48.6	4.22	11.28	91.3	-0.7	6.93	6.279
2021-09-13T11:33:43Z	B3P3	Sept13	2.504	0.27	31.2	48.6	4.22	11.28	91.3	-0.87	6.92	6.28
2021-09-13T11:33:44Z	B3P3	Sept13	2.595	0.19	31.2	48.6	4.23	11.28	91.3	-0.96	6.91	6.286
2021-09-13T11:33:45Z	B3P3	Sept13	2.645	0.18	31.2	48.6	4.23	11.28	91.2	-0.94	6.91	6.293
2021-09-13T11:33:46Z	B3P3	Sept13	2.688	0.24	31.3	48.6	4.23	11.27	91.2	-0.96	6.92	6.293
2021-09-13T11:33:47Z	B3P3	Sept13	2.736	0.25	31.3	48.7	4.25	11.27	91.2	-0.98	6.92	6.294
2021-09-13T11:33:48Z	B3P3	Sept13	2.788	0.22	31.3	48.7	4.26	11.26	91.2	-0.82	6.92	6.292
2021-09-13T11:33:49Z	B3P3	Sept13	2.883	0.18	31.3	48.7	4.26	11.26	91.2	-0.69	6.92	6.286
2021-09-13T11:33:50Z	B3P3	Sept13	2.974	0.23	31.3	48.7	4.27	11.26	91.1	-0.71	6.91	6.281
2021-09-13T11:33:51Z	B3P3	Sept13	3.009	0.23	31.3	48.8	4.29	11.26	91.1	-0.73	6.91	6.276
2021-09-13T11:33:52Z	B3P3	Sept13	3.062	0.26	31.4	48.8	4.27	11.26	91.1	-0.81	6.91	6.269
2021-09-13T11:33:53Z	B3P3	Sept13	3.19	0.27	31.4	48.8	4.25	11.26	91.1	-0.92	6.92	6.26
2021-09-13T11:33:54Z	B3P3	Sept13	3.261	0.23	31.4	48.8	4.25	11.26	91	-0.86	6.92	6.247
2021-09-13T11:33:55Z	B3P3	Sept13	3.276	0.19	31.3	48.8	4.25	11.26	91.1	-0.89	6.92	6.245
2021-09-13T11:33:56Z	B3P3	Sept13	3.314	0.19	31.3	48.8	4.21	11.26	91.1	-0.93	6.92	6.246
2021-09-13T11:33:57Z	B3P3	Sept13	3.396	0.25	31.3	48.8	4.23	11.26	91	-0.8	6.92	6.245
2021-09-13T11:33:58Z	B3P3	Sept13	3.483	0.26	31.3	48.8	4.26	11.26	91	-0.76	6.91	6.244
2021-09-13T11:33:59Z	B3P3	Sept13	3.537	0.24	31.3	48.8	4.26	11.26	91.1	-0.83	6.91	6.245
2021-09-13T11:34:00Z	B3P3	Sept13	3.568	0.26	31.3	48.8	4.25	11.26	91	-0.88	6.91	6.246
2021-09-13T11:34:01Z	B3P3	Sept13	3.629	0.27	31.3	48.8	4.24	11.26	91	-0.82	6.91	6.247
2021-09-13T11:34:02Z	B3P3	Sept13	3.694	0.23	31.3	48.8	4.23	11.25	91	-0.79	6.91	6.242
2021-09-13T11:34:03Z	B3P3	Sept13	3.789	0.24	31.4	48.9	4.23	11.25	90.9	-0.84	6.91	6.235
2021-09-13T11:34:04Z	B3P3	Sept13	3.911	0.25	31.4	48.9	4.26	11.24	90.9	-0.84	6.91	6.224
2021-09-13T11:34:05Z	B3P3	Sept13	3.933	0.2	31.4	48.9	4.29	11.24	90.8	-0.79	6.91	6.215
2021-09-18T17:42:02Z	B3P4	Sept18	1.342	0.07	28.3	42	3.99	11.37	96	-0.89	7.43	7.977
2021-09-18T17:42:04Z	B3P4	Sept18	1.364	0.06	28.3	42	3.99	11.37	95.9	-0.89	7.43	7.959
2021-09-18T17:42:06Z	B3P4	Sept18	1.388	0.06	28.3	42	4	11.37	95.9	-0.91	7.42	7.942
2021-09-18T17:42:08Z	B3P4	Sept18	1.522	0.05	28.3	42	4.01	11.36	95.7	-0.9	7.41	7.899
2021-09-18T17:42:10Z	B3P4	Sept18	1.63	0.06	28.3	42	4.02	11.36	95.6	-0.9	7.4	7.855
2021-09-18T17:42:12Z	B3P4	Sept18	1.753	0.05	28.2	42	4.03	11.35	95.5	-0.89	7.39	7.813
2021-09-18T17:42:14Z	B3P4	Sept18	1.836	0.05	28.2	42	4.04	11.35	95.3	-0.9	7.38	7.77
2021-09-18T17:42:16Z	B3P4	Sept18	1.927	0.05	28.2	42.1	4.06	11.34	95.2	-0.89	7.37	7.726
2021-09-18T17:42:18Z	B3P4	Sept18	2.012	0.05	28.1	42.1	4.07	11.34	95	-0.91	7.36	7.675
2021-09-18T17:42:20Z	B3P4	Sept18	2.866	0.05	28.1	42	4.08	11.34	94.9	-0.9	7.35	7.633
2021-09-18T17:42:22Z	B3P4	Sept18	2.98	0.06	28.1	42	4.1	11.33	94.8	-0.91	7.34	7.609
2021-09-18T17:42:24Z	B3P4	Sept18	3.024	0.06	28.1	42	4.11	11.33	94.8	-0.89	7.34	7.583
2021-09-18T17:42:26Z	B3P4	Sept18	3.052	0.06	28	42	4.11	11.33	94.7	-0.9	7.33	7.561
2021-09-18T17:42:28Z	B3P4	Sept18	3.06	0.07	28	42	4.12	11.34	94.7	-0.91	7.32	7.543
2021-09-14T17:49:46Z	EFL2	Sept14	1.061	0.07	29.7	41	1.06	10.52	94.4	-0.84	7.27	10.559
2021-09-14T17:49:47Z	EFL2	Sept14	1.085	0.05	29.7	41	1.07	10.52	94.4	-0.92	7.27	10.564
2021-09-14T17:49:48Z	EFL2	Sept14	1.13	0.06	29.7	41	1.09	10.52	94.4	-0.98	7.26	10.563
2021-09-14T17:49:49Z	EFL2	Sept14	1.242	0.06	29.7	41	1.11	10.52	94.4	-0.81	7.26	10.553
2021-09-14T17:49:50Z	EFL2	Sept14	1.366	0.09	29.7	41	1.12	10.52	94.4	-0.74	7.26	10.547
2021-09-14T17:49:51Z	EFL2	Sept14	1.577	0.06	29.7	41	1.09	10.51	94.3	-0.81	7.27	10.542
2021-09-14T17:49:52Z	EFL2	Sept14	1.776	0.04	29.7	41.1	1.1	10.51	94.3	-0.87	7.27	10.53
2021-09-14T17:49:53Z	EFL2	Sept14	1.88	0.06	29.7	41.1	1.11	10.5	94.2	-0.85	7.27	10.529
2021-09-14T17:49:54Z	EFL2	Sept14	1.976	0.08	29.7	41	1.09	10.5	94.2	-0.77	7.26	10.528
2021-09-14T17:49:55Z	EFL2	Sept14	2.063	0.02	29.7	41	1.1	10.5	94.2	-0.85	7.26	10.524
2021-09-14T17:49:56Z	EFL2	Sept14	2.218	0.04	29.7	41	1.12	10.5	94.1	-0.89	7.26	10.499
2021-09-14T17:49:57Z	EFL2	Sept14	2.439	0.07	29.6	41	1.14	10.5	94.1	-0.78	7.26	10.476
2021-09-14T17:49:58Z	EFL2	Sept14	2.661	0.03	29.6	41	1.13	10.5	94.1	-0.76	7.27	10.451
2021-09-14T17:49:59Z	EFL2	Sept14	2.783	0.01	29.6	41.1	1.12	10.51	94.1	-0.88	7.27	10.432
2021-09-14T17:50:00Z	EFL2	Sept14	2.864	0.05	29.7	41.1	1.13	10.52	94.1	-0.87	7.27	10.439
2021-09-14T17:50:01Z	EFL2	Sept14	2.919	0.08	29.7	41.1	1.14	10.51	94.1	-0.71	7.27	10.443
2021-09-14T17:50:02Z	EFL2	Sept14	2.931	0.04	29.7	41.1	1.14	10.51	94.1	-0.66	7.27	10.441
2021-09-14T17:50:03Z	EFL2	Sept14	2.988	0.05	29.7	41.1	1.18	10.5	94	-0.8	7.27	10.426
2021-09-14T17:50:04Z	EFL2	Sept14	3.049	0.06	29.7	41.1	1.17	10.5	94	-0.91	7.27	10.411
2021-09-14T17:50:05Z	EFL2	Sept14	3.136	0.05	29.7	41.1	1.12	10.51	94	-0.85	7.27	10.4
2021-09-14T17:50:06Z	EFL2	Sept14	3.212	0.08	29.6	41.1	1.16	10.51	94	-0.72	7.27	10.398
2021-09-14T17:50:07Z	EFL2	Sept14	3.3	0.07	29.6	41.1	1.21	10.51	94	-0.78	7.27	10.397
2021-09-14T17:50:08Z	EFL2	Sept14	3.407	0.03	29.6	41.1	1.21	10.5	93.9	-0.85	7.27	10.368
2021-09-14T17:50:09Z	EFL2	Sept14	3.543	0.03	29.6	41.1	1.18	10.49	93.8	-0.67	7.27	10.343
2021-09-14T17:50:10Z	EFL2	Sept14	3.681	0.07	29.6	41.1	1.19	10.5	93.8	-0.68	7.27	10.33
2021-09-14T17:50:11Z	EFL2	Sept14	3.783	0.08	29.6	41.1	1.18	10.5	93.7	-0.72	7.27	10.32
2021-09-14T17:50:12Z	EFL2	Sept14	3.878	0.04	29.6	41.1	1.17	10.5	93.8	-0.72	7.27	10.313
2021-09-14T17:50:13Z	EFL2	Sept14	3.963	0.01	29.6	41.1	1.2	10.5	93.7	-0.79	7.27	10.306
2021-09-14T17:50:14Z	EFL2	Sept14	3.997	0.04	29.6	41.1	1.21	10.5	93.7	-0.8	7.27	10.299
2021-09-14T17:50:15Z	EFL2	Sept14	4.031	0.08	29.6	41.1	1.2	10.5	93.7	-0.81	7.27	10.295
2021-09-14T17:50:16Z	EFL2	Sept14	4.063	0.06	29.6	41.2	1.21	10.5	93.7	-0.73	7.28	10.294
2021-09-14T17:50:17Z	EFL2	Sept14	4.143	0.07	29.6	41.1	1.22	10.5	93.7	-0.73	7.28	10.291
2021-09-14T17:50:18Z	EFL2	Sept14	4.292	0.06	29.6	41.1	1.25	10.49	93.6	-0.81	7.28	10.271
2021-09-14T17:50:19Z	EFL2	Sept14	4.526	0.07	29.5	41.1	1.28	10.48	93.5	-0.77	7.28	10.241
2021-09-14T17:50:20Z	EFL2	Sept14	4.689	0.1	29.5	41.1	1.33	10.49	93.4	-0.73	7.28	10.209
2021-09-14T17:50:21Z	EFL2	Sept14	4.792	0.09	29.5	41.1	1.32	10.5	93.5	-0.72	7.28	10.208
2021-09-14T17:50:22Z	EFL2	Sept14	4.869	0.1	29.5	41	1.28	10.51	93.5	-0.65	7.28	10.23
2021-09-14T17:50:23Z	EFL2	Sept14	4.94	0.07	29.4	41	1.28	10.5	93.5	-0.65	7.28	10.245
2021-09-14T17:50:24Z	EFL2	Sept14	4.955	0.06	29.4	41	1.29	10.49	93.5	-0.72	7.28	10.244
2021-09-14T17:50:25Z	EFL2	Sept14	4.99	0.04	29.4	41	1.32	10.49	93.5	-0.81	7.29	10.216
2021-09-14T17:50:26Z	EFL2	Sept14	5.02	0.05	29.4	41	1.32	10.49	93.5	-0.85	7.29	10.194
2021-09-14T17:50:27Z	EFL2	Sept14	5.163	0.06	29.4	41	1.32	10.5	93.5	-0.88	7.29	10.172
2021-09-14T17:50:28Z	EFL2	Sept14	5.317	0.08	29.4	41.1	1.33	10.51	93.5	-0.85	7.29	10.165
2021-09-14T17:50:29Z	EFL2	Sept14	5.499	0.08	29.4	41.1	1.33	10.51	93.5	-0.73	7.28	10.155
2021-09-14T17:50:30Z	EFL2	Sept14	5.656	0.01	29.4	41.1	1.35	10.51	93.5	-0.69	7.28	10.149
2021-09-14T17:50:31Z	EFL2	Sept14	5.764	0.03	29.4	41.1	1.33	10.51	93.5	-0.78	7.28	10.146
2021-09-14T17:50:32Z	EFL2	Sept14	5.896	0.1	29.4	41.1	1.33	10.51	93.4	-0.86	7.29	10.147
2021-09-14T17:50:33Z	EFL2	Sept14	5.962	0.11	29.4	41.1	1.35	10.51	93.4	-0.82	7.29	10.15
2021-09-16T19:12:52Z	ERL122	Sept16	1.077	0.11	76.4	116.6	11.2	11.45	94.2	-0.72	7.71	6.948
2021-09-16T19:12:53Z	ERL122	Sept16	1.173	0.09	76.4	116.6	11.19	11.45	94.2	-0.83	7.71	6.947
2021-09-16T19:12:54Z	ERL122	Sept16	1.264	0.1	76.4	116.6	11.16	11.45	94.2	-0.92	7.71	6.946
2021-09-16T19:12:55Z	ERL122	Sept16	1.327	0.09	76.5	116.7	11.15	11.45	94.2	-0.89	7.71	6.946
2021-09-16T19:12:56Z	ERL122	Sept16	1.384	0.11	76.5	116.7	11.16	11.44	94.2	-0.88	7.71	6.944
2021-09-16T19:12:57Z	ERL122	Sept16	1.448	0.13	76.5	116.8	11.18	11.44	94.2	-0.95	7.71	6.944
2021-09-16T19:12:58Z	ERL122	Sept16	1.546	0.16	76.5	116.8	11.18	11.44	94.1	-0.98	7.71	6.943
2021-09-16T19:12:59Z	ERL122	Sept16	1.651	0.16	76.5	116.8	11.2	11.44	94.1	-0.82	7.71	6.94
2021-09-16T19:13:00Z	ERL122	Sept16	1.738	0.13	76.5	116.8	11.22	11.44	94.1	-0.75	7.7	6.936
2021-09-16T19:13:01Z	ERL122	Sept16	1.803	0.1	76.5	116.8	11.22	11.43	94.1	-0.89	7.7	6.92
2021-09-16T19:13:02Z	ERL122	Sept16	1.885	0.12	76.4	116.8	11.23	11.43	94	-0.99	7.7	6.894
2021-09-16T19:13:03Z	ERL122	Sept16	1.939	0.14	76.4	116.8	11.26	11.43	93.9	-1.02	7.69	6.883
2021-09-16T19:13:04Z	ERL122	Sept16	1.974	0.11	76.4	116.8	11.27	11.44	93.9	-1	7.7	6.88
2021-09-16T19:13:05Z	ERL122	Sept16	2.002	0.14	76.4	116.8	11.26	11.44	94	-0.9	7.7	6.882
2021-09-16T19:13:06Z	ERL122	Sept16	2.088	0.18	76.3	116.8	11.29	11.43	93.9	-0.82	7.7	6.868
2021-09-16T19:13:07Z	ERL122	Sept16	2.237	0.19	76.3	116.9	11.31	11.41	93.7	-0.81	7.7	6.818
2021-09-16T19:13:08Z	ERL122	Sept16	2.314	0.19	76.3	117	11.29	11.42	93.6	-0.87	7.69	6.77
2021-09-16T19:13:09Z	ERL122	Sept16	2.381	0.18	76.3	117.1	11.31	11.43	93.6	-0.93	7.69	6.75
2021-09-16T19:13:10Z	ERL122	Sept16	2.428	0.2	76.2	117	11.32	11.44	93.6	-0.89	7.69	6.745
2021-09-16T19:13:11Z	ERL122	Sept16	2.47	0.18	76.2	117	11.32	11.44	93.6	-0.84	7.68	6.733
2021-09-16T19:13:12Z	ERL122	Sept16	2.477	0.24	76.2	117	11.33	11.43	93.6	-0.85	7.68	6.731
2021-09-16T19:13:13Z	ERL122	Sept16	2.535	0.26	76.2	117	11.32	11.43	93.5	-0.86	7.68	6.732
2021-09-16T19:13:14Z	ERL122	Sept16	2.664	0.16	76.1	117	11.31	11.42	93.5	-0.89	7.69	6.711
2021-09-16T19:13:15Z	ERL122	Sept16	2.753	0.17	76.1	117	11.3	11.41	93.4	-0.93	7.68	6.692
2021-09-16T19:13:16Z	ERL122	Sept16	2.87	0.18	76.1	117	11.3	11.42	93.3	-0.93	7.68	6.681
2021-09-16T19:13:17Z	ERL122	Sept16	2.949	0.13	76.1	117	11.32	11.42	93.3	-0.89	7.68	6.677
2021-09-16T19:13:18Z	ERL122	Sept16	3.017	0.13	76	117	11.33	11.42	93.3	-0.87	7.68	6.68
2021-09-16T19:13:19Z	ERL122	Sept16	3.044	0.17	76	117	11.32	11.41	93.3	-0.85	7.68	6.682
2021-09-16T19:13:20Z	ERL122	Sept16	3.125	0.15	76	116.9	11.31	11.41	93.2	-0.76	7.68	6.68
2021-09-16T19:13:21Z	ERL122	Sept16	3.244	0.12	76	117	11.34	11.39	93.2	-0.73	7.68	6.666
2021-09-16T19:13:22Z	ERL122	Sept16	3.29	0.15	76	117	11.38	11.39	93.1	-0.83	7.67	6.659
2021-09-16T19:13:23Z	ERL122	Sept16	3.307	0.14	76	117.1	11.39	11.4	93.1	-0.95	7.67	6.653
2021-09-16T19:13:24Z	ERL122	Sept16	3.329	0.16	76	117.1	11.38	11.4	93.1	-1.06	7.67	6.646
2021-09-16T19:13:25Z	ERL122	Sept16	3.349	0.16	76.1	117.1	11.34	11.4	93.1	-0.99	7.67	6.655
2021-09-16T19:13:26Z	ERL122	Sept16	3.368	0.19	76.1	117.1	11.32	11.4	93.1	-0.82	7.67	6.658
2021-09-16T19:13:27Z	ERL122	Sept16	3.462	0.23	76.1	117.1	11.36	11.39	93	-0.81	7.67	6.652
2021-09-16T19:13:28Z	ERL122	Sept16	3.625	0.19	76.1	117.2	11.4	11.38	92.9	-0.85	7.67	6.635
2021-09-16T19:13:29Z	ERL122	Sept16	3.783	0.17	76	117.2	11.42	11.38	92.9	-0.82	7.67	6.611
2021-09-16T13:08:10Z	ERL152	Sept16	1.085	0.27	82.6	125.8	4.2	11.42	94.1	-1.09	7.66	7.019
2021-09-16T13:08:11Z	ERL152	Sept16	1.182	0.31	82.6	125.9	4.18	11.42	94.1	-1.04	7.67	7.009
2021-09-16T13:08:12Z	ERL152	Sept16	1.201	0.29	82.7	125.9	4.17	11.42	94.1	-0.94	7.67	7.01
2021-09-16T13:08:13Z	ERL152	Sept16	1.254	0	82.7	125.9	4.19	11.42	94.2	-0.92	7.68	7.013
2021-09-16T13:08:14Z	ERL152	Sept16	1.361	0.03	82.7	126	4.25	11.42	94.1	-0.85	7.68	7.005
2021-09-16T13:08:15Z	ERL152	Sept16	1.491	0.03	82.8	126.2	4.27	11.42	94.1	-0.9	7.68	6.995
2021-09-16T13:08:16Z	ERL152	Sept16	1.598	0.06	82.9	126.3	4.23	11.42	94.1	-0.97	7.69	6.993
2021-09-16T13:08:17Z	ERL152	Sept16	1.688	0.06	82.9	126.4	4.23	11.42	94.1	-0.99	7.69	6.992
2021-09-16T13:08:18Z	ERL152	Sept16	1.752	0.03	83	126.6	4.2	11.43	94.1	-0.98	7.7	6.99
2021-09-16T13:08:19Z	ERL152	Sept16	1.801	0.04	83	126.6	4.21	11.42	94.1	-0.86	7.7	6.988
2021-09-16T13:08:20Z	ERL152	Sept16	1.845	0.05	83.1	126.6	4.22	11.42	94.1	-0.81	7.7	6.988
2021-09-16T13:08:21Z	ERL152	Sept16	1.873	0.03	83.1	126.7	4.22	11.43	94.1	-0.93	7.71	6.99
2021-09-16T13:08:22Z	ERL152	Sept16	1.968	0.04	83.2	126.9	4.21	11.42	94.1	-1.02	7.71	6.987
2021-09-16T13:08:23Z	ERL152	Sept16	2.078	0.04	83.3	126.9	4.21	11.42	94.1	-0.96	7.72	6.985
2021-09-16T13:08:24Z	ERL152	Sept16	2.22	0.03	83.3	127	4.21	11.42	94.1	-0.98	7.72	6.984
2021-09-16T13:08:25Z	ERL152	Sept16	2.321	0.02	83.3	127	4.22	11.42	94.1	-0.94	7.72	6.983
2021-09-16T13:08:26Z	ERL152	Sept16	2.38	0.02	83.3	127.1	4.23	11.42	94.1	-0.8	7.72	6.982
2021-09-16T13:08:27Z	ERL152	Sept16	2.456	0.05	83.4	127.2	4.23	11.42	94.1	-0.8	7.73	6.982
2021-09-16T13:08:28Z	ERL152	Sept16	2.593	0.08	83.5	127.3	4.25	11.42	94.1	-0.87	7.73	6.981
2021-09-16T13:08:29Z	ERL152	Sept16	2.737	0.06	83.5	127.4	4.21	11.42	94.1	-0.88	7.73	6.981
2021-09-16T13:08:30Z	ERL152	Sept16	2.834	0.07	83.6	127.5	4.22	11.42	94.1	-0.97	7.74	6.98
2021-09-16T13:08:31Z	ERL152	Sept16	2.925	0.06	83.6	127.5	4.23	11.42	94.1	-1.01	7.74	6.98
2021-09-16T13:08:32Z	ERL152	Sept16	2.958	-0.01	83.7	127.6	4.21	11.42	94.1	-0.87	7.74	6.98
2021-09-16T13:08:33Z	ERL152	Sept16	2.985	-0.01	83.7	127.7	4.2	11.42	94	-0.94	7.75	6.979
2021-09-16T13:08:34Z	ERL152	Sept16	3.085	0.02	83.8	127.8	4.19	11.41	94	-0.96	7.75	6.967
2021-09-16T13:08:35Z	ERL152	Sept16	3.154	0.04	83.8	127.9	4.2	11.42	94	-0.85	7.75	6.96
2021-09-16T13:08:36Z	ERL152	Sept16	3.166	0.04	83.8	127.9	4.2	11.42	94	-0.79	7.75	6.963
2021-09-16T13:08:37Z	ERL152	Sept16	3.239	0.05	83.9	128	4.2	11.42	94	-0.79	7.76	6.966
2021-09-16T13:08:38Z	ERL152	Sept16	3.345	0.08	84	128.1	4.21	11.42	94	-0.83	7.76	6.965
2021-09-16T13:08:39Z	ERL152	Sept16	3.456	0.07	84	128.2	4.24	11.41	94	-0.89	7.76	6.962
2021-09-16T13:08:40Z	ERL152	Sept16	3.583	0.07	84	128.2	4.22	11.41	94	-0.94	7.77	6.957
2021-09-16T13:08:41Z	ERL152	Sept16	3.72	0.02	84	128.3	4.19	11.42	94	-0.88	7.77	6.951
2021-09-16T13:08:42Z	ERL152	Sept16	3.81	-0.02	84.1	128.3	4.19	11.42	94	-0.92	7.77	6.95
2021-09-16T13:08:43Z	ERL152	Sept16	3.875	0.01	84.1	128.4	4.19	11.42	94	-0.9	7.77	6.95
2021-09-16T13:08:44Z	ERL152	Sept16	3.931	0.04	84.1	128.4	4.19	11.42	94	-0.91	7.78	6.948
2021-09-16T13:08:45Z	ERL152	Sept16	3.99	0.02	84.2	128.4	4.18	11.42	94	-0.96	7.78	6.946
2021-09-16T13:08:46Z	ERL152	Sept16	4.073	0.04	84.2	128.5	4.17	11.42	94	-0.94	7.78	6.945
2021-09-16T13:08:47Z	ERL152	Sept16	4.117	0.07	84.2	128.6	4.15	11.42	94	-0.86	7.78	6.942
2021-09-18T16:42:09Z	ERL186	Sept18	0.522	0.09	72.1	108	4.81	11.94	100	-0.87	7.62	7.621
2021-09-18T16:42:11Z	ERL186	Sept18	0.544	0.09	72.1	107.9	4.81	11.95	100	-0.88	7.63	7.621
2021-09-18T16:42:13Z	ERL186	Sept18	0.569	0.07	72.1	107.9	4.82	11.95	100	-0.88	7.63	7.62
2021-09-18T16:42:15Z	ERL186	Sept18	0.59	0.08	72.1	108	4.82	11.95	100	-0.86	7.63	7.621
2021-09-18T16:42:17Z	ERL186	Sept18	0.612	0.09	72.1	108	4.82	11.95	100	-0.85	7.63	7.621
2021-09-18T16:42:19Z	ERL186	Sept18	0.635	0.09	72.1	108	4.83	11.95	100	-0.86	7.63	7.622
2021-09-18T16:42:21Z	ERL186	Sept18	0.66	0.16	72.1	107.9	4.85	11.95	100	-0.77	7.64	7.623
2021-09-18T16:42:23Z	ERL186	Sept18	0.681	0.17	72.1	107.9	4.86	11.95	100	-0.75	7.64	7.624
2021-09-18T16:42:25Z	ERL186	Sept18	0.696	0.32	72.1	107.9	4.87	11.95	100	-0.65	7.64	7.625
2021-09-18T16:42:27Z	ERL186	Sept18	0.703	0.55	72.1	107.9	4.88	11.96	100.1	-0.64	7.64	7.627
2021-09-20T14:02:11Z	ERL32	Sept20	1.432	0.02	70.3	102.2	0.98	10.64	91.3	-0.91	7.62	8.675
2021-09-20T14:02:13Z	ERL32	Sept20	1.543	0.03	70.4	102.2	0.99	10.64	91.3	-0.93	7.62	8.677
2021-09-20T14:02:15Z	ERL32	Sept20	1.594	0.04	70.3	102.2	1	10.64	91.3	-0.91	7.62	8.674
2021-09-20T14:02:17Z	ERL32	Sept20	1.622	0.05	70.3	102.2	0.99	10.64	91.3	-0.92	7.62	8.67
2021-09-20T14:02:19Z	ERL32	Sept20	1.657	0.04	70.3	102.2	0.99	10.64	91.3	-0.92	7.62	8.669
2021-09-20T14:02:21Z	ERL32	Sept20	1.696	0.04	70.3	102.2	1	10.64	91.3	-0.93	7.62	8.668
2021-09-20T14:02:23Z	ERL32	Sept20	1.715	0.05	70.3	102.2	1	10.64	91.3	-0.93	7.63	8.668
2021-09-20T14:02:25Z	ERL32	Sept20	1.743	0.05	70.3	102.2	0.99	10.64	91.3	-0.93	7.63	8.667
2021-09-20T14:02:27Z	ERL32	Sept20	1.781	0.05	70.3	102.2	1	10.64	91.3	-0.93	7.63	8.668
2021-09-20T14:02:29Z	ERL32	Sept20	1.827	0.04	70.3	102.2	1	10.64	91.3	-0.92	7.63	8.666
2021-09-20T14:02:31Z	ERL32	Sept20	1.885	0.06	70.3	102.2	1	10.64	91.3	-0.92	7.63	8.664
2021-09-20T14:02:33Z	ERL32	Sept20	1.941	0.06	70.3	102.2	1.01	10.64	91.3	-0.93	7.63	8.659
2021-09-20T14:02:35Z	ERL32	Sept20	2.001	0.06	70.3	102.2	1.01	10.64	91.3	-0.92	7.63	8.652
2021-09-20T14:02:37Z	ERL32	Sept20	2.047	0.06	70.3	102.2	1.02	10.64	91.3	-0.9	7.63	8.646
2021-09-20T14:02:39Z	ERL32	Sept20	2.09	0.06	70.3	102.2	1.02	10.64	91.2	-0.9	7.63	8.64
2021-09-20T14:02:41Z	ERL32	Sept20	2.123	0.06	70.3	102.2	1.02	10.64	91.2	-0.9	7.63	8.638
2021-09-20T14:02:43Z	ERL32	Sept20	2.162	0.07	70.3	102.2	1.02	10.64	91.2	-0.89	7.63	8.636
2021-09-20T14:02:45Z	ERL32	Sept20	2.966	0.08	70.3	102.2	1.03	10.63	91.2	-0.88	7.64	8.633
2021-09-20T14:02:49Z	ERL32	Sept20	3.087	0.07	70.2	102.2	1.04	10.63	91.2	-0.9	7.64	8.629
2021-09-20T14:02:47Z	ERL32	Sept20	3.09	0.08	70.2	102.2	1.03	10.64	91.2	-0.89	7.64	8.631
2021-09-20T14:02:51Z	ERL32	Sept20	3.163	0.07	70.3	102.2	1.04	10.63	91.2	-0.88	7.64	8.625
2021-09-20T14:02:53Z	ERL32	Sept20	3.249	0.07	70.2	102.2	1.04	10.63	91.2	-0.89	7.64	8.621
2021-09-20T14:02:55Z	ERL32	Sept20	3.326	0.07	70.2	102.2	1.04	10.63	91.2	-0.89	7.64	8.618
2021-09-20T14:02:57Z	ERL32	Sept20	3.409	0.06	70.2	102.2	1.04	10.63	91.1	-0.91	7.64	8.615
2021-09-20T14:02:59Z	ERL32	Sept20	3.473	0.07	70.2	102.2	1.05	10.63	91.1	-0.91	7.64	8.612
2021-09-20T14:03:01Z	ERL32	Sept20	3.541	0.08	70.2	102.2	1.05	10.63	91.1	-0.9	7.64	8.609
2021-09-20T14:03:03Z	ERL32	Sept20	3.595	0.07	70.2	102.2	1.05	10.63	91.1	-0.9	7.64	8.607
2021-09-20T14:03:05Z	ERL32	Sept20	3.66	0.07	70.2	102.2	1.05	10.63	91.1	-0.9	7.64	8.605
2021-09-20T14:03:07Z	ERL32	Sept20	3.726	0.06	70.2	102.2	1.05	10.63	91.1	-0.9	7.64	8.604
2021-09-20T14:03:09Z	ERL32	Sept20	4.634	0.06	70.2	102.2	1.05	10.63	91.1	-0.9	7.64	8.602
2021-09-20T14:03:11Z	ERL32	Sept20	4.74	0.05	70.2	102.2	1.06	10.63	91.1	-0.87	7.64	8.602
2021-09-20T14:03:13Z	ERL32	Sept20	4.793	0.05	70.2	102.2	1.06	10.62	91.1	-0.88	7.64	8.602
2021-09-20T14:03:15Z	ERL32	Sept20	4.861	0.04	70.2	102.2	1.06	10.62	91.1	-0.87	7.64	8.601
2021-09-20T14:03:17Z	ERL32	Sept20	4.955	0.05	70.2	102.2	1.06	10.62	91	-0.86	7.64	8.6
2021-09-20T14:03:19Z	ERL32	Sept20	5.058	0.06	70.2	102.2	1.06	10.62	91	-0.87	7.64	8.599
2021-09-20T14:03:21Z	ERL32	Sept20	5.162	0.07	70.2	102.2	1.06	10.62	91	-0.89	7.64	8.597
2021-09-20T14:03:23Z	ERL32	Sept20	5.25	0.07	70.2	102.2	1.07	10.62	91	-0.88	7.64	8.594
2021-09-20T14:03:25Z	ERL32	Sept20	5.327	0.07	70.2	102.2	1.07	10.62	91	-0.89	7.64	8.592
2021-09-20T14:03:27Z	ERL32	Sept20	5.414	0.07	70.2	102.2	1.07	10.62	91	-0.88	7.64	8.587
2021-09-20T14:03:29Z	ERL32	Sept20	6.288	0.08	70.1	102.2	1.07	10.62	90.9	-0.89	7.65	8.584
2021-09-20T14:03:31Z	ERL32	Sept20	6.437	0.08	70.1	102.2	1.07	10.61	90.9	-0.89	7.65	8.581
2021-09-20T14:03:33Z	ERL32	Sept20	6.536	0.08	70.1	102.2	1.07	10.61	90.9	-0.89	7.65	8.579
2021-09-20T14:03:35Z	ERL32	Sept20	6.611	0.07	70.1	102.2	1.08	10.61	90.8	-0.89	7.65	8.577
2021-09-20T14:03:37Z	ERL32	Sept20	6.685	0.07	70.1	102.2	1.08	10.6	90.8	-0.89	7.65	8.576
2021-09-20T14:03:39Z	ERL32	Sept20	6.782	0.06	70.1	102.2	1.09	10.6	90.8	-0.88	7.65	8.575
2021-09-20T14:03:41Z	ERL32	Sept20	6.877	0.06	70.1	102.2	1.09	10.6	90.8	-0.88	7.65	8.574
2021-09-20T14:03:43Z	ERL32	Sept20	6.954	0.06	70.1	102.2	1.09	10.6	90.7	-0.88	7.65	8.572
2021-09-20T14:03:45Z	ERL32	Sept20	7.048	0.06	70.1	102.2	1.09	10.59	90.7	-0.89	7.65	8.571
2021-09-20T14:03:47Z	ERL32	Sept20	7.872	0.07	70.1	102.2	1.1	10.59	90.7	-0.89	7.65	8.569
2021-09-20T14:03:49Z	ERL32	Sept20	7.969	0.07	70.1	102.2	1.1	10.59	90.7	-0.88	7.65	8.567
2021-09-20T14:03:51Z	ERL32	Sept20	8.045	0.07	70.1	102.2	1.1	10.59	90.7	-0.88	7.65	8.565
2021-09-20T14:03:53Z	ERL32	Sept20	8.177	0.07	70.1	102.2	1.1	10.59	90.6	-0.88	7.65	8.563
2021-09-20T14:03:55Z	ERL32	Sept20	8.275	0.06	70.1	102.2	1.1	10.58	90.6	-0.88	7.65	8.561
2021-09-20T14:03:57Z	ERL32	Sept20	8.36	0.07	70.1	102.2	1.1	10.58	90.6	-0.88	7.65	8.561
2021-09-20T14:03:59Z	ERL32	Sept20	8.43	0.06	70.1	102.2	1.1	10.58	90.6	-0.86	7.65	8.56
2021-09-20T14:04:01Z	ERL32	Sept20	8.527	0.07	70.1	102.2	1.1	10.58	90.6	-0.87	7.65	8.559
2021-09-20T14:04:03Z	ERL32	Sept20	9.337	0.07	70.1	102.2	1.09	10.58	90.6	-0.86	7.65	8.557
2021-09-20T14:04:05Z	ERL32	Sept20	9.475	0.08	70.1	102.2	1.09	10.58	90.6	-0.88	7.65	8.556
2021-09-20T14:04:07Z	ERL32	Sept20	9.539	0.08	70.1	102.2	1.09	10.58	90.6	-0.89	7.65	8.556
2021-09-20T14:04:09Z	ERL32	Sept20	9.649	0.09	70.1	102.2	1.1	10.58	90.6	-0.92	7.65	8.555
2021-09-20T14:04:11Z	ERL32	Sept20	9.788	0.07	70.1	102.2	1.09	10.58	90.5	-0.91	7.65	8.554
2021-09-20T14:04:13Z	ERL32	Sept20	9.917	0.07	70.1	102.2	1.09	10.58	90.5	-0.91	7.65	8.554
2021-09-20T14:04:15Z	ERL32	Sept20	10.035	0.07	70.1	102.2	1.09	10.58	90.5	-0.92	7.65	8.554
2021-09-20T14:04:17Z	ERL32	Sept20	10.123	0.06	70.1	102.2	1.09	10.58	90.5	-0.91	7.65	8.554
2021-09-20T14:04:19Z	ERL32	Sept20	10.206	0.05	70.1	102.2	1.09	10.58	90.5	-0.92	7.65	8.553
2021-09-20T14:04:21Z	ERL32	Sept20	10.28	0.06	70.1	102.2	1.09	10.58	90.5	-0.92	7.65	8.552
2021-09-20T14:04:23Z	ERL32	Sept20	10.324	0.07	70.1	102.2	1.1	10.58	90.5	-0.91	7.65	8.552
2021-09-19T15:11:07Z	ERL33	Sept19	1.41	0.32	88.7	130.5	3.79	11.19	95	-0.8	7.68	8.213
2021-09-19T15:11:05Z	ERL33	Sept19	1.42	0.33	88.7	130.5	3.79	11.19	95	-0.81	7.68	8.212
2021-09-19T15:11:09Z	ERL33	Sept19	1.44	0.33	88.7	130.5	3.79	11.19	95	-0.8	7.69	8.213
2021-09-19T15:11:11Z	ERL33	Sept19	1.568	0.34	88.7	130.5	3.79	11.19	95	-0.81	7.69	8.213
2021-09-19T15:11:13Z	ERL33	Sept19	1.67	0.34	88.7	130.5	3.79	11.2	95.1	-0.78	7.7	8.214
2021-09-19T15:11:15Z	ERL33	Sept19	1.753	0.37	88.7	130.5	3.79	11.2	95.1	-0.79	7.7	8.214
2021-09-19T15:11:17Z	ERL33	Sept19	1.832	0.4	88.7	130.5	3.79	11.2	95.1	-0.79	7.71	8.214
2021-09-19T15:11:19Z	ERL33	Sept19	1.909	0.43	88.7	130.5	3.79	11.2	95.1	-0.78	7.71	8.214
2021-09-19T15:11:21Z	ERL33	Sept19	1.971	0.45	88.7	130.5	3.78	11.2	95.1	-0.78	7.72	8.215
2021-09-19T15:11:23Z	ERL33	Sept19	2.018	0.48	88.7	130.5	3.78	11.2	95.1	-0.79	7.72	8.215
2021-09-19T15:11:25Z	ERL33	Sept19	2.073	0.49	88.7	130.5	3.78	11.2	95.1	-0.77	7.73	8.215
2021-09-19T15:11:27Z	ERL33	Sept19	2.142	0.49	88.7	130.5	3.78	11.2	95.1	-0.78	7.73	8.215
2021-09-19T15:11:29Z	ERL33	Sept19	2.204	0.51	88.7	130.5	3.78	11.2	95.1	-0.77	7.74	8.214
2021-09-19T15:11:31Z	ERL33	Sept19	3.079	0.52	88.7	130.5	3.79	11.2	95.1	-0.77	7.74	8.214
2021-09-19T15:11:35Z	ERL33	Sept19	3.151	0.55	88.7	130.5	3.79	11.21	95.1	-0.78	7.75	8.213
2021-09-19T15:11:33Z	ERL33	Sept19	3.158	0.53	88.7	130.5	3.79	11.21	95.1	-0.78	7.75	8.213
2021-09-19T15:11:37Z	ERL33	Sept19	3.212	0.57	88.7	130.5	3.79	11.21	95.2	-0.77	7.76	8.212
2021-09-19T15:11:39Z	ERL33	Sept19	3.305	0.59	88.7	130.5	3.8	11.21	95.2	-0.77	7.76	8.212
2021-09-19T15:11:41Z	ERL33	Sept19	3.411	0.59	88.7	130.5	3.8	11.21	95.2	-0.77	7.76	8.212
2021-09-19T15:11:43Z	ERL33	Sept19	3.508	0.61	88.7	130.5	3.8	11.21	95.2	-0.77	7.77	8.212
2021-09-19T15:11:45Z	ERL33	Sept19	3.571	0.62	88.7	130.5	3.8	11.21	95.2	-0.77	7.77	8.212
2021-09-19T15:11:47Z	ERL33	Sept19	3.626	0.62	88.7	130.5	3.8	11.21	95.2	-0.75	7.77	8.212
2021-09-19T15:11:49Z	ERL33	Sept19	3.696	0.63	88.7	130.5	3.8	11.21	95.2	-0.77	7.78	8.212
2021-09-19T15:11:51Z	ERL33	Sept19	3.751	0.64	88.7	130.5	3.81	11.21	95.2	-0.78	7.78	8.212
2021-09-19T15:11:53Z	ERL33	Sept19	3.817	0.66	88.7	130.5	3.81	11.21	95.2	-0.77	7.78	8.212
2021-09-19T15:11:55Z	ERL33	Sept19	4.709	0.65	88.7	130.5	3.8	11.21	95.2	-0.76	7.78	8.212
2021-09-19T15:11:57Z	ERL33	Sept19	4.803	0.63	88.7	130.5	3.8	11.21	95.2	-0.79	7.78	8.211
2021-09-19T15:11:59Z	ERL33	Sept19	4.898	0.62	88.7	130.5	3.8	11.21	95.2	-0.77	7.78	8.211
2021-09-19T15:12:01Z	ERL33	Sept19	4.995	0.62	88.7	130.5	3.81	11.21	95.2	-0.76	7.78	8.212
2021-09-19T15:12:03Z	ERL33	Sept19	5.034	0.6	88.7	130.5	3.8	11.21	95.2	-0.79	7.78	8.212
2021-09-11T13:54:08Z	ERL5	Sept11	1.006	0.13	97.4	130	0.11	10.7	99	-0.98	8.33	11.869
2021-09-11T13:54:09Z	ERL5	Sept11	1.057	0.08	97.3	129.9	0.1	10.7	99	-0.95	8.34	11.871
2021-09-11T13:54:10Z	ERL5	Sept11	1.165	0.05	97.3	129.9	0.09	10.7	99	-0.75	8.34	11.873
2021-09-11T13:54:11Z	ERL5	Sept11	1.292	0.08	97.3	129.9	0.08	10.7	99	-0.86	8.34	11.874
2021-09-11T13:54:12Z	ERL5	Sept11	1.4	0.11	97.3	129.9	0.09	10.7	99	-1.06	8.34	11.875
2021-09-11T13:54:13Z	ERL5	Sept11	1.498	0.14	97.3	129.8	0.11	10.7	99	-1.04	8.34	11.875
2021-09-11T13:54:14Z	ERL5	Sept11	1.575	0.16	97.3	129.9	0.11	10.69	99	-0.98	8.35	11.875
2021-09-11T13:54:15Z	ERL5	Sept11	1.669	0.13	97.4	129.9	0.08	10.69	98.9	-1	8.35	11.876
2021-09-11T13:54:16Z	ERL5	Sept11	1.726	0.11	97.4	129.9	0.08	10.69	99	-0.95	8.35	11.876
2021-09-11T13:54:17Z	ERL5	Sept11	1.773	0.12	97.4	130	0.08	10.7	99	-0.88	8.35	11.876
2021-09-11T13:54:18Z	ERL5	Sept11	1.863	0.13	97.4	130	0.08	10.7	99	-0.84	8.35	11.877
2021-09-11T13:54:19Z	ERL5	Sept11	1.925	0.11	97.4	130	0.09	10.7	99	-0.88	8.35	11.877
2021-09-11T13:54:20Z	ERL5	Sept11	1.963	0.1	97.4	130	0.1	10.7	99	-0.93	8.36	11.877
2021-09-11T13:54:21Z	ERL5	Sept11	2.025	0.1	97.3	129.9	0.09	10.69	99	-0.87	8.36	11.876
2021-09-11T13:54:22Z	ERL5	Sept11	2.12	0.13	97.3	129.9	0.1	10.7	99	-0.82	8.36	11.876
2021-09-11T13:54:23Z	ERL5	Sept11	2.209	0.13	97.3	129.9	0.13	10.7	99	-0.85	8.36	11.875
2021-09-11T13:54:24Z	ERL5	Sept11	2.297	0.1	97.3	129.9	0.11	10.69	99	-0.95	8.36	11.875
2021-09-11T13:54:25Z	ERL5	Sept11	2.362	0.13	97.3	129.9	0.08	10.7	99	-0.86	8.36	11.875
2021-09-11T13:54:26Z	ERL5	Sept11	2.403	0.15	97.4	130	0.09	10.7	99	-0.75	8.37	11.874
2021-09-11T13:54:27Z	ERL5	Sept11	2.443	0.11	97.4	130	0.1	10.69	99	-0.92	8.37	11.874
2021-09-11T13:54:28Z	ERL5	Sept11	2.507	0.07	97.4	130	0.13	10.69	99	-1.02	8.37	11.874
2021-09-11T13:54:29Z	ERL5	Sept11	2.642	0.1	97.4	130	0.12	10.7	99	-0.98	8.38	11.875
2021-09-11T13:54:30Z	ERL5	Sept11	2.752	0.13	97.4	129.9	0.09	10.7	99	-0.92	8.38	11.875
2021-09-11T13:54:31Z	ERL5	Sept11	2.836	0.12	97.3	129.9	0.13	10.7	99	-0.87	8.38	11.873
2021-09-11T13:54:34Z	ERL5	Sept11	2.91	0.1	97.3	129.9	0.1	10.7	99	-0.81	8.38	11.873
2021-09-11T13:54:32Z	ERL5	Sept11	2.912	0.11	97.3	129.9	0.12	10.7	99	-0.99	8.38	11.872
2021-09-11T13:54:35Z	ERL5	Sept11	2.923	0.1	97.4	129.9	0.1	10.7	99	-0.8	8.38	11.873
2021-09-11T13:54:33Z	ERL5	Sept11	2.926	0.12	97.3	129.9	0.09	10.7	99	-0.97	8.38	11.873
2021-09-11T13:54:36Z	ERL5	Sept11	3.004	0.11	97.4	130	0.1	10.7	99	-0.87	8.38	11.872
2021-09-11T13:54:37Z	ERL5	Sept11	3.087	0.09	97.4	130	0.09	10.7	99	-1.02	8.38	11.872
2021-09-11T13:54:38Z	ERL5	Sept11	3.135	0.09	97.4	130	0.1	10.7	99	-1.07	8.38	11.873
2021-09-11T13:54:39Z	ERL5	Sept11	3.234	0.1	97.4	130	0.08	10.7	99	-0.98	8.39	11.873
2021-09-11T13:54:40Z	ERL5	Sept11	3.353	0.13	97.4	130	0.09	10.69	99	-1	8.39	11.872
2021-09-11T13:54:41Z	ERL5	Sept11	3.453	0.13	97.4	130	0.13	10.69	99	-0.98	8.39	11.871
2021-09-11T13:54:42Z	ERL5	Sept11	3.563	0.14	97.3	129.9	0.1	10.69	99	-0.92	8.39	11.87
2021-09-11T13:54:43Z	ERL5	Sept11	3.71	0.08	97.3	129.9	0.1	10.7	99	-0.86	8.39	11.87
2021-09-11T13:54:44Z	ERL5	Sept11	3.799	0.09	97.3	129.9	0.1	10.7	99	-0.95	8.39	11.871
2021-09-21T13:12:53Z	ERL85	Sept21	1.41	0.06	100.7	149.9	1.33	12.03	101.2	-0.9	8.38	7.813
2021-09-21T13:12:55Z	ERL85	Sept21	1.526	0.05	100.7	149.9	1.33	12.03	101.2	-0.9	8.38	7.798
2021-09-21T13:12:57Z	ERL85	Sept21	1.545	0.04	100.7	150	1.34	12.04	101.1	-0.89	8.38	7.782
2021-09-21T13:12:59Z	ERL85	Sept21	1.568	0.03	100.7	150.1	1.34	12.04	101.1	-0.9	8.39	7.769
2021-09-21T13:13:01Z	ERL85	Sept21	1.634	0.04	100.6	150.1	1.35	12.04	101.1	-0.9	8.39	7.745
2021-09-21T13:13:03Z	ERL85	Sept21	1.713	0.03	100.6	150.2	1.35	12.05	101.1	-0.9	8.39	7.727
2021-09-21T13:13:05Z	ERL85	Sept21	1.782	0.03	100.6	150.2	1.36	12.05	101.1	-0.9	8.4	7.713
2021-09-21T13:13:07Z	ERL85	Sept21	1.842	0.03	100.6	150.2	1.37	12.06	101.1	-0.9	8.4	7.703
2021-09-21T13:13:09Z	ERL85	Sept21	1.895	0.03	100.5	150.2	1.37	12.06	101.1	-0.9	8.4	7.692
2021-09-21T13:13:11Z	ERL85	Sept21	1.954	0.04	100.5	150.2	1.38	12.06	101.1	-0.91	8.41	7.676
2021-09-21T13:13:13Z	ERL85	Sept21	2.022	0.03	100.5	150.3	1.38	12.07	101.1	-0.9	8.41	7.665
2021-09-21T13:13:15Z	ERL85	Sept21	2.104	0.04	100.5	150.2	1.38	12.07	101.1	-0.89	8.41	7.661
2021-09-21T13:13:17Z	ERL85	Sept21	2.158	0.04	100.5	150.2	1.38	12.06	101.1	-0.89	8.41	7.659
2021-09-21T13:13:19Z	ERL85	Sept21	2.202	0.03	100.5	150.2	1.38	12.06	101	-0.89	8.41	7.654
2021-09-21T13:13:21Z	ERL85	Sept21	3.04	0.03	100.5	150.3	1.39	12.06	101	-0.9	8.42	7.647
2021-09-21T13:13:23Z	ERL85	Sept21	3.154	0.04	100.5	150.3	1.38	12.07	101	-0.9	8.42	7.644
2021-09-21T13:13:25Z	ERL85	Sept21	3.211	0.03	100.5	150.3	1.39	12.07	101	-0.91	8.42	7.641
2021-09-21T13:13:27Z	ERL85	Sept21	3.237	0.03	100.5	150.3	1.39	12.07	101	-0.9	8.42	7.642
2021-09-21T13:13:29Z	ERL85	Sept21	3.299	0.03	100.5	150.3	1.39	12.07	101.1	-0.9	8.43	7.637
2021-09-21T13:13:31Z	ERL85	Sept21	3.368	0.03	100.5	150.4	1.39	12.07	101.1	-0.9	8.43	7.631
2021-09-21T13:13:33Z	ERL85	Sept21	3.45	0.02	100.5	150.4	1.4	12.08	101.1	-0.91	8.43	7.627
2021-09-21T13:13:35Z	ERL85	Sept21	3.519	0.02	100.5	150.5	1.4	12.09	101.2	-0.94	8.43	7.623
2021-09-21T13:13:37Z	ERL85	Sept21	3.58	0.03	100.6	150.5	1.41	12.1	101.2	-0.93	8.44	7.62
2021-09-21T13:13:39Z	ERL85	Sept21	3.668	0.03	100.6	150.6	1.41	12.11	101.3	-0.91	8.44	7.616
2021-09-21T13:13:41Z	ERL85	Sept21	4.497	0.03	100.6	150.6	1.41	12.12	101.4	-0.91	8.44	7.611
2021-09-21T13:13:43Z	ERL85	Sept21	4.655	0.03	100.6	150.6	1.42	12.13	101.5	-0.9	8.44	7.608
2021-09-21T13:13:45Z	ERL85	Sept21	4.68	0.04	100.6	150.7	1.42	12.15	101.6	-0.89	8.45	7.607
2021-09-21T13:13:47Z	ERL85	Sept21	4.73	0.04	100.6	150.7	1.43	12.16	101.7	-0.89	8.45	7.605
2021-09-21T13:13:49Z	ERL85	Sept21	4.803	0.04	100.6	150.7	1.43	12.17	101.8	-0.9	8.45	7.601
2021-09-21T13:13:51Z	ERL85	Sept21	4.9	0.04	100.6	150.7	1.43	12.17	101.8	-0.9	8.46	7.598
2021-09-21T13:13:53Z	ERL85	Sept21	4.976	0.04	100.6	150.7	1.43	12.18	101.9	-0.9	8.46	7.595
2021-09-21T13:13:55Z	ERL85	Sept21	5.03	0.04	100.6	150.7	1.43	12.19	101.9	-0.89	8.46	7.594
2021-09-21T13:13:57Z	ERL85	Sept21	5.096	0.03	100.6	150.7	1.43	12.19	101.9	-0.9	8.46	7.591
2021-09-21T13:13:59Z	ERL85	Sept21	5.151	0.03	100.6	150.7	1.43	12.19	101.9	-0.9	8.46	7.586
2021-09-21T13:14:01Z	ERL85	Sept21	5.225	0.03	100.6	150.7	1.44	12.19	101.9	-0.87	8.47	7.581
2021-09-21T13:14:03Z	ERL85	Sept21	6.033	0.03	100.6	150.7	1.44	12.19	101.9	-0.88	8.47	7.576
2021-09-21T13:14:05Z	ERL85	Sept21	6.176	0.03	100.5	150.7	1.45	12.19	101.9	-0.89	8.47	7.572
2021-09-21T13:14:07Z	ERL85	Sept21	6.241	0.03	100.5	150.7	1.45	12.19	101.9	-0.88	8.47	7.566
2021-09-21T13:14:09Z	ERL85	Sept21	6.353	0.03	100.5	150.7	1.45	12.18	101.8	-0.89	8.47	7.561
2021-09-21T13:14:11Z	ERL85	Sept21	6.436	0.04	100.5	150.7	1.46	12.18	101.8	-0.89	8.47	7.558
2021-09-21T13:14:13Z	ERL85	Sept21	6.494	0.04	100.5	150.7	1.46	12.18	101.7	-0.9	8.48	7.558
2021-09-21T13:14:15Z	ERL85	Sept21	6.571	0.04	100.5	150.6	1.47	12.17	101.7	-0.89	8.48	7.557
2021-09-21T13:14:17Z	ERL85	Sept21	6.644	0.06	100.4	150.6	1.47	12.17	101.7	-0.91	8.48	7.556
2021-09-21T13:14:19Z	ERL85	Sept21	6.719	0.06	100.5	150.6	1.47	12.16	101.6	-0.92	8.48	7.554
2021-09-21T13:14:21Z	ERL85	Sept21	6.774	0.05	100.5	150.7	1.47	12.16	101.6	-0.93	8.48	7.555
2021-09-21T13:14:23Z	ERL85	Sept21	6.817	0.05	100.5	150.7	1.47	12.15	101.5	-0.92	8.48	7.557
2021-09-21T13:14:25Z	ERL85	Sept21	6.819	0.05	100.5	150.7	1.47	12.15	101.5	-0.93	8.48	7.558
2021-09-18T11:50:53Z	ERL87	Sept18	0.567	0.06	40.5	62.2	3.24	11.54	94.5	-0.87	7.49	6.767
2021-09-18T11:50:55Z	ERL87	Sept18	0.598	0.06	40.5	62.2	3.25	11.54	94.5	-0.86	7.49	6.76
2021-09-18T11:50:57Z	ERL87	Sept18	0.628	0.06	40.5	62.2	3.25	11.54	94.5	-0.87	7.48	6.753
2021-09-18T11:50:59Z	ERL87	Sept18	0.663	0.06	40.5	62.2	3.25	11.54	94.5	-0.86	7.48	6.745
2021-09-18T11:51:01Z	ERL87	Sept18	0.702	0.06	40.5	62.2	3.25	11.54	94.5	-0.87	7.48	6.736
2021-09-18T11:51:03Z	ERL87	Sept18	1.543	0.06	40.5	62.2	3.25	11.54	94.5	-0.88	7.48	6.728
2021-09-18T11:51:05Z	ERL87	Sept18	1.575	0.07	40.5	62.2	3.26	11.54	94.4	-0.9	7.48	6.723
2021-09-18T11:51:07Z	ERL87	Sept18	1.683	0.06	40.5	62.2	3.27	11.54	94.4	-0.9	7.48	6.717
2021-09-18T11:51:09Z	ERL87	Sept18	1.754	0.06	40.5	62.2	3.28	11.54	94.4	-0.89	7.47	6.71
2021-09-18T11:51:11Z	ERL87	Sept18	1.808	0.05	40.4	62.2	3.28	11.54	94.4	-0.91	7.47	6.703
2021-09-18T11:51:13Z	ERL87	Sept18	1.844	0.06	40.4	62.2	3.29	11.54	94.4	-0.9	7.47	6.697
2021-09-18T11:51:15Z	ERL87	Sept18	1.845	0.06	40.4	62.2	3.29	11.55	94.4	-0.89	7.47	6.692
2021-09-18T12:21:40Z	ERL88	Sept18	0.325	0.09	65.4	99.6	13.32	11.62	95.7	-0.88	7.4	6.988
2021-09-18T12:21:42Z	ERL88	Sept18	0.328	0.09	65.4	99.6	13.32	11.62	95.7	-0.88	7.4	6.987
2021-09-18T12:21:44Z	ERL88	Sept18	0.329	0.08	65.4	99.6	13.33	11.62	95.7	-0.87	7.4	6.986
2021-09-18T12:21:46Z	ERL88	Sept18	0.33	0.09	65.3	99.6	13.34	11.63	95.8	-0.88	7.4	6.981
2021-09-18T12:21:48Z	ERL88	Sept18	0.332	0.08	65.3	99.6	13.34	11.64	95.8	-0.88	7.4	6.972
2021-09-18T12:21:50Z	ERL88	Sept18	0.336	0.08	65.3	99.6	13.34	11.65	95.9	-0.88	7.4	6.965
2021-09-18T12:21:52Z	ERL88	Sept18	0.34	0.08	65.3	99.6	13.34	11.65	95.9	-0.89	7.4	6.957
2021-09-18T12:21:54Z	ERL88	Sept18	0.341	0.08	65.3	99.6	13.35	11.66	96	-0.88	7.4	6.95
2021-09-14T15:42:55Z	L26	Sept14	1.401	0.08	30.3	41.6	0.87	10.16	91.6	-0.89	7.15	10.739
2021-09-14T15:42:56Z	L26	Sept14	1.68	0.09	30.2	41.6	0.91	10.16	91.5	-0.95	7.14	10.715
2021-09-14T15:42:59Z	L26	Sept14	1.809	0.06	30.3	41.6	0.93	10.16	91.5	-0.94	7.14	10.708
2021-09-14T15:43:00Z	L26	Sept14	1.816	0.04	30.3	41.7	0.92	10.16	91.5	-1	7.14	10.706
2021-09-14T15:42:57Z	L26	Sept14	1.819	0.09	30.2	41.6	0.9	10.16	91.5	-0.92	7.14	10.708
2021-09-14T15:42:58Z	L26	Sept14	1.819	0.1	30.3	41.6	0.91	10.16	91.5	-0.91	7.14	10.71
2021-09-14T15:43:01Z	L26	Sept14	1.928	0.07	30.3	41.7	0.95	10.16	91.5	-0.95	7.14	10.704
2021-09-14T15:43:02Z	L26	Sept14	2.141	0.07	30.3	41.6	0.95	10.16	91.5	-0.91	7.15	10.703
2021-09-14T15:43:03Z	L26	Sept14	2.297	0.06	30.3	41.6	0.93	10.16	91.5	-0.96	7.15	10.702
2021-09-14T15:43:05Z	L26	Sept14	2.329	0.11	30.2	41.6	0.91	10.15	91.4	-0.94	7.15	10.703
2021-09-14T15:43:04Z	L26	Sept14	2.347	0.1	30.2	41.6	0.92	10.15	91.4	-0.97	7.15	10.702
2021-09-14T15:43:06Z	L26	Sept14	2.452	0.07	30.2	41.6	0.93	10.15	91.4	-0.93	7.16	10.692
2021-09-14T15:43:07Z	L26	Sept14	2.655	0.04	30.2	41.6	0.97	10.14	91.3	-0.98	7.15	10.669
2021-09-14T15:43:08Z	L26	Sept14	2.804	0.03	30.2	41.6	0.98	10.14	91.3	-0.89	7.15	10.658
2021-09-14T15:43:09Z	L26	Sept14	2.923	0.08	30.2	41.6	0.98	10.14	91.2	-0.86	7.15	10.656
2021-09-14T15:43:10Z	L26	Sept14	3.034	0.06	30.2	41.6	0.93	10.14	91.3	-0.97	7.15	10.656
2021-09-14T15:43:11Z	L26	Sept14	3.143	0.06	30.2	41.7	0.93	10.14	91.3	-0.95	7.16	10.655
2021-09-14T15:43:12Z	L26	Sept14	3.224	0.08	30.3	41.7	0.95	10.14	91.2	-0.88	7.16	10.653
2021-09-14T15:43:14Z	L26	Sept14	3.244	0.05	30.2	41.6	0.98	10.15	91.3	-0.89	7.16	10.655
2021-09-14T15:43:13Z	L26	Sept14	3.247	0.03	30.2	41.6	0.98	10.14	91.3	-0.88	7.16	10.653
2021-09-14T15:43:15Z	L26	Sept14	3.319	0.07	30.2	41.6	0.96	10.14	91.2	-0.93	7.16	10.648
2021-09-14T15:43:16Z	L26	Sept14	3.41	0.06	30.2	41.6	0.95	10.14	91.2	-0.92	7.16	10.645
2021-09-14T15:43:17Z	L26	Sept14	3.47	0.06	30.2	41.6	0.97	10.14	91.2	-0.89	7.16	10.643
2021-09-14T15:43:18Z	L26	Sept14	3.586	0.03	30.2	41.6	0.95	10.14	91.2	-0.89	7.16	10.636
2021-09-14T15:43:19Z	L26	Sept14	3.776	0.04	30.2	41.6	0.95	10.14	91.2	-0.88	7.16	10.635
2021-09-14T15:43:20Z	L26	Sept14	3.945	0.06	30.2	41.6	0.97	10.13	91.1	-0.92	7.16	10.633
2021-09-14T15:43:21Z	L26	Sept14	4.024	0.09	30.2	41.6	0.96	10.14	91.1	-0.95	7.16	10.633
2021-09-14T15:43:22Z	L26	Sept14	4.048	0.11	30.2	41.6	0.98	10.14	91.2	-0.98	7.16	10.634
2021-09-14T15:43:23Z	L26	Sept14	4.099	0.07	30.2	41.6	0.96	10.14	91.1	-0.91	7.16	10.635
2021-09-14T15:43:24Z	L26	Sept14	4.34	0.03	30.2	41.6	0.97	10.13	91.1	-0.76	7.16	10.628
2021-09-14T15:43:25Z	L26	Sept14	4.5	0.04	30.2	41.6	0.98	10.13	91.1	-0.75	7.16	10.627
2021-09-14T15:43:26Z	L26	Sept14	4.666	0.08	30.2	41.6	0.94	10.14	91.1	-0.81	7.17	10.626
2021-09-14T15:43:27Z	L26	Sept14	4.805	0.09	30.2	41.6	0.94	10.13	91.1	-0.92	7.17	10.624
2021-09-14T15:43:28Z	L26	Sept14	4.846	0.06	30.1	41.5	0.97	10.13	91.1	-0.87	7.17	10.624
2021-09-14T15:43:29Z	L26	Sept14	4.922	0.05	30.1	41.5	0.98	10.13	91.1	-0.89	7.17	10.623
2021-09-14T15:43:30Z	L26	Sept14	5.025	0.04	30.1	41.5	0.99	10.13	91.1	-0.85	7.17	10.623
2021-09-14T15:43:31Z	L26	Sept14	5.162	0.05	30.1	41.6	0.96	10.12	91	-0.74	7.16	10.619
2021-09-14T15:43:32Z	L26	Sept14	5.266	0.09	30.2	41.6	0.97	10.12	91	-0.78	7.17	10.617
2021-09-14T15:43:33Z	L26	Sept14	5.447	0.02	30.2	41.6	0.97	10.13	91	-0.78	7.17	10.614
2021-09-14T15:43:34Z	L26	Sept14	5.565	0.03	30.2	41.6	0.98	10.13	91	-0.8	7.17	10.615
2021-09-14T15:43:35Z	L26	Sept14	5.651	0.05	30.2	41.6	0.98	10.13	91	-0.89	7.17	10.616
2021-09-14T15:43:36Z	L26	Sept14	5.745	0.05	30.2	41.6	0.96	10.13	91	-0.87	7.17	10.609
2021-09-14T15:43:37Z	L26	Sept14	5.845	0.06	30.2	41.6	0.98	10.13	91	-0.81	7.17	10.604
2021-09-14T15:43:38Z	L26	Sept14	5.861	0.08	30.2	41.6	0.98	10.13	91	-0.84	7.17	10.607
2021-09-14T15:43:39Z	L26	Sept14	5.861	0.08	30.1	41.5	0.96	10.13	91	-0.82	7.17	10.608
2021-09-14T15:43:40Z	L26	Sept14	5.91	0.04	30.1	41.5	0.97	10.13	91	-0.84	7.17	10.606
2021-09-14T15:43:41Z	L26	Sept14	6.025	0.04	30.1	41.6	0.97	10.12	91	-0.97	7.17	10.603
2021-09-14T15:43:42Z	L26	Sept14	6.113	0.04	30.1	41.6	0.98	10.12	91	-0.95	7.17	10.602
2021-09-14T15:43:43Z	L26	Sept14	6.183	0.03	30.2	41.6	0.99	10.12	91	-0.82	7.17	10.601
2021-09-14T15:43:44Z	L26	Sept14	6.27	0.08	30.2	41.6	0.99	10.13	91	-0.8	7.18	10.599
2021-09-14T15:43:45Z	L26	Sept14	6.358	0.11	30.2	41.6	0.95	10.12	90.9	-0.86	7.18	10.597
2021-09-14T15:43:46Z	L26	Sept14	6.47	0.07	30.2	41.6	0.94	10.12	90.9	-0.78	7.18	10.596
2021-09-14T15:43:47Z	L26	Sept14	6.577	0.08	30.2	41.6	0.96	10.12	90.9	-0.86	7.18	10.594
2021-09-14T15:43:48Z	L26	Sept14	6.653	0.09	30.1	41.6	0.97	10.12	90.9	-0.9	7.18	10.594
2021-09-14T15:43:49Z	L26	Sept14	6.682	0.09	30.1	41.6	1	10.12	91	-0.88	7.18	10.597
2021-09-14T15:43:50Z	L26	Sept14	6.71	0.07	30.1	41.6	1.01	10.12	90.9	-0.87	7.18	10.596
2021-09-14T15:43:51Z	L26	Sept14	6.767	0.08	30.1	41.6	0.98	10.12	90.9	-0.84	7.18	10.593
2021-09-14T15:43:52Z	L26	Sept14	6.923	0.08	30.1	41.6	0.97	10.12	90.9	-0.8	7.18	10.592
2021-09-14T15:43:53Z	L26	Sept14	7.075	0.06	30.1	41.6	0.99	10.12	90.9	-0.86	7.18	10.589
2021-09-14T15:43:54Z	L26	Sept14	7.21	0.06	30.1	41.6	0.98	10.12	90.9	-0.84	7.18	10.585
2021-09-14T15:43:55Z	L26	Sept14	7.349	0.08	30.2	41.6	0.97	10.11	90.8	-0.88	7.18	10.569
2021-09-14T15:43:56Z	L26	Sept14	7.427	0.08	30.2	41.6	0.97	10.11	90.8	-0.87	7.18	10.566
2021-09-14T15:43:57Z	L26	Sept14	7.507	0.07	30.2	41.7	1	10.11	90.8	-0.89	7.18	10.563
2021-09-14T15:43:58Z	L26	Sept14	7.597	0.1	30.2	41.6	0.99	10.11	90.8	-0.93	7.18	10.558
2021-09-14T15:43:59Z	L26	Sept14	7.665	0.07	30.1	41.6	0.97	10.12	90.8	-0.82	7.19	10.559
2021-09-14T15:44:00Z	L26	Sept14	7.675	0.06	30.1	41.6	1	10.12	90.9	-0.86	7.19	10.563
2021-09-14T15:44:01Z	L26	Sept14	7.712	0.07	30.1	41.6	1	10.12	90.8	-0.9	7.19	10.55
2021-09-14T15:44:02Z	L26	Sept14	7.769	0.06	30.1	41.6	0.95	10.11	90.7	-0.84	7.18	10.528
2021-09-14T15:44:03Z	L26	Sept14	7.839	0.05	30.1	41.6	0.97	10.12	90.7	-0.9	7.18	10.519
2021-09-14T15:44:04Z	L26	Sept14	7.959	0.04	30.1	41.6	1	10.12	90.8	-0.96	7.18	10.516
2021-09-14T15:44:05Z	L26	Sept14	8.083	0.07	30.1	41.6	1	10.12	90.8	-0.92	7.19	10.51
2021-09-14T15:44:06Z	L26	Sept14	8.204	0.08	30.1	41.6	0.98	10.12	90.8	-0.83	7.18	10.507
2021-09-14T15:44:07Z	L26	Sept14	8.333	0.05	30.1	41.6	0.99	10.12	90.8	-0.79	7.18	10.503
2021-09-14T15:44:08Z	L26	Sept14	8.529	0.08	30.1	41.6	1.01	10.13	90.8	-0.78	7.19	10.501
2021-09-14T15:44:09Z	L26	Sept14	8.56	0.08	30.1	41.6	1.01	10.13	90.8	-0.85	7.19	10.504
2021-09-14T15:44:10Z	L26	Sept14	8.617	0.07	30.1	41.6	1.02	10.13	90.8	-0.88	7.19	10.508
2021-09-14T15:44:11Z	L26	Sept14	8.661	0.08	30.1	41.6	1	10.13	90.8	-0.87	7.19	10.506
2021-09-14T15:44:12Z	L26	Sept14	8.755	0.12	30.1	41.6	0.98	10.13	90.8	-0.86	7.19	10.502
2021-09-14T15:44:13Z	L26	Sept14	8.881	0.12	30.1	41.6	1	10.13	90.8	-0.86	7.19	10.498
2021-09-14T15:44:14Z	L26	Sept14	9.035	0.14	30	41.6	1	10.13	90.8	-0.83	7.19	10.494
2021-09-14T15:44:15Z	L26	Sept14	9.238	0.12	30	41.5	0.99	10.12	90.7	-0.87	7.19	10.485
2021-09-14T15:44:16Z	L26	Sept14	9.406	0.05	30	41.5	0.99	10.12	90.7	-0.8	7.19	10.483
2021-09-14T15:44:17Z	L26	Sept14	9.43	0.1	30	41.5	1.01	10.13	90.7	-0.69	7.19	10.485
2021-09-14T15:44:18Z	L26	Sept14	9.509	0.17	30	41.6	1	10.13	90.7	-0.83	7.19	10.48
2021-09-14T15:44:19Z	L26	Sept14	9.678	0.14	30	41.5	1.01	10.13	90.8	-0.82	7.19	10.467
2021-09-14T15:44:20Z	L26	Sept14	9.867	0.07	30	41.5	1.02	10.14	90.8	-0.85	7.19	10.46
2021-09-14T15:44:21Z	L26	Sept14	10.008	0.07	30	41.6	0.98	10.14	90.8	-0.88	7.19	10.459
2021-09-14T15:44:22Z	L26	Sept14	10.025	0.1	30	41.6	0.96	10.15	90.9	-0.89	7.19	10.463
